0.686807 2.20618
8.31528 3.36518
7.03342 11.4302
12.0401 8.31884
0.554117 2.93966
5.11458 0.953894
2.22059 12.0448
3.02219 12.364
0.738519 8.1236
12.14 7.32189
0.849381 0.400238
0.80397 7.80485
6.01943 7.34496
7.53947 3.30909
2.03966 5.79253
2.87778 5.9751
10.8162 6.83497
2.99843 8.26163
2.9983 9.41269
11.1603 2.97753
11.357 3.83854
11.4152 5.1975
7.45916 11.2682
9.5131 9.40219
6.71544 11.1081
7.79036 11.0255
4.87073 10.1683
8.57857 9.19584
8.85688 3.64316
4.7115 0.14768
2.30582 12.3525
12.1132 12.4729
4.0834 3.17702
2.45347 3.68897
10.7345 8.44852
7.78701 8.14594
3.3791 3.56307
9.19596 6.86514
8.98072 6.54239
1.00302 8.76184
8.92463 7.86595
5.31326 9.5788
10.3297 3.6079
4.14684 11.5686
4.86241 8.81552
12.0578 9.29649
11.3934 7.44212
8.83861 7.57835
12.1083 12.1245
12.0001 7.71246
10.401 6.87674
1.16658 4.11774
6.40804 1.55064
3.27732 12.3415
1.25154 0.514449
5.56337 3.05633
12.0891 11.3999
11.9153 11.7484
4.5125 11.4073
4.28574 11.9575
2.82497 4.72082
2.63138 10.2576
7.63571 11.8176
0.495317 8.1469
3.36053 9.95796
4.73227 6.75062
0.266382 9.2344
8.08522 11.5435
2.92134 11.2034
9.87956 2.76948
5.35265 8.36679
3.18266 8.73025
9.40684 3.22057
9.74018 3.62791
12.2172 7.75253
11.9579 4.83851
8.67832 12.388
12.1554 11.8543
11.9841 12.2238
0.568168 1.9154
8.19846 12.3113
5.18962 6.94534
8.76483 2.38925
2.43629 6.24913
1.57944 4.816
8.01677 7.45051
11.9361 9.40784
2.17661 9.13924
10.3645 7.08058
6.86654 11.8311
6.81661 2.96446
5.49179 1.09992
5.75494 7.73465
2.00848 5.47403
8.73496 4.27905
7.92265 7.89721
12.0999 4.32796
8.04401 12.2273
5.55947 6.31925
12.4236 8.39958
12.4409 4.50144
8.63784 2.58645
2.97686 2.89434
6.35152 3.4317
12.2841 11.9211
5.48858 3.04526
12.4355 8.41927
12.3581 8.68938
4.76586 9.15148
3.18624 8.76116
3.52561 8.18869
12.4271 12.4021
8.17558 7.13619
10.4967 7.75127
3.97964 10.3253
12.4143 12.3751
4.77096 3.69667
0.888574 7.75336
4.65643 3.52128
2.32483 9.01403
11.9846 7.01339
11.7635 9.33351
11.7859 8.40802
0.81355 2.68507
0.884396 4.08277
8.84273 3.92878
1.12974 4.33438
12.3735 3.62028
4.60245 3.49816
2.39175 10.2585
0.871707 8.00449
5.67138 6.54415
5.88506 0.734243
6.4314 0.105213
0.206723 0.443457
0.679623 0.0309208
12.1266 3.56115
9.1273 8.26477
9.69908 8.29635
5.46939 8.52655
5.13601 7.33322
2.9742 5.43778
5.63727 0.505387
1.22805 3.49117
2.94794 8.66127
8.80861 6.92688
1.01701 1.11798
8.94406 2.4669
0.595975 8.06254
6.42437 2.53914
6.98803 10.5602
6.05228 1.25452
7.34513 2.89761
1.78219 3.48265
2.55138 3.58872
6.06415 7.02966
1.089 3.65261
6.58424 3.74715
0.112209 7.96701
7.40989 2.90126
6.93909 0.399839
12.2576 4.99566
0.18592 2.20732
8.31197 3.545
3.60259 8.51461
12.4334 3.74188
10.6341 9.32758
5.20879 3.23353
4.6874 0.617717
4.40798 9.53774
0.165394 0.586405
12.2682 7.9219
3.32375 7.13207
2.78605 9.83002
9.73734 2.61714
3.13981 8.1993
5.68853 8.83642
4.18122 7.31999
7.7699 10.7146
7.01004 0.296397
4.4078 9.74479
5.68073 1.23173
2.72982 4.37154
6.7699 11.5841
2.5122 9.13209
4.85176 11.8752
9.60395 2.20468
2.12612 9.54962
0.811258 7.75503
10.527 9.01848
8.83444 9.24061
3.78565 10.4201
5.13547 7.49426
5.61326 3.8287
9.29901 0.802023
12.4009 4.92696
1.94915 5.099
7.9145 11.0293
0.697423 2.86808
0.664055 4.25846
12.1252 12.1625
4.85626 6.42899
10.5274 6.86911
9.57778 1.90639
9.54448 7.42703
11.665 4.65363
7.51265 11.2655
4.40095 12.2032
0.871031 8.24099
7.08952 11.3769
9.60105 12.1148
9.85922 0.316478
4.60641 3.78902
10.4909 7.9826
3.55037 9.01014
4.76023 9.46295
11.6566 3.77489
11.6341 7.81419
7.81651 11.6207
6.10924 2.23777
0.597538 3.40426
0.817447 7.63798
2.07252 0.000862067
5.45102 3.1346
11.7203 3.33919
12.0715 4.19148
11.1458 7.96125
6.64462 3.50109
2.58864 7.55147
3.93142 9.28553
8.65448 4.27554
8.79224 8.48846
11.9181 6.36952
4.94216 4.28101
0.569962 3.8475
8.83672 7.76026
11.7124 0.232568
8.2807 11.0572
9.93332 8.64416
9.33215 2.24141
0.0960466 3.22337
4.05856 12.3361
1.66876 12.4745
3.34937 9.67108
5.1023 3.04313
4.58516 11.9563
8.55591 6.98751
4.47261 6.82346
0.0145856 8.8255
7.04136 5.82572
6.51979 0.206367
10.154 3.48498
4.4076 7.13569
11.7321 4.16255
4.66029 6.92704
4.59109 0.0489473
4.65857 9.47469
11.4804 3.52168
4.08026 11.472
5.8684 3.39106
2.16103 9.75143
6.0076 2.9285
4.85588 12.4134
7.55016 7.28112
2.94335 8.74191
6.28496 2.11031
5.3592 0.598274
4.57367 11.3415
3.35603 3.89423
5.3681 9.2164
0.958071 3.02002
8.70949 2.47402
0.799672 0.835302
5.9598 6.18847
11.8619 6.89921
11.7353 8.64524
0.136978 8.93092
5.75671 6.9358
9.2219 3.67561
5.16419 9.42195
5.44757 6.62168
2.54291 3.00123
5.75649 6.34882
11.1532 10.629
9.67444 11.2426
2.84714 4.36432
8.03614 3.0734
3.33153 10.1823
8.722 7.44999
7.13646 11.5714
11.4933 7.75819
3.00548 3.76024
5.26457 0.914445
6.66185 3.77214
0.363343 8.00687
9.4253 3.20771
5.81733 6.8549
5.5141 6.19212
10.5906 8.19357
3.05549 4.3377
1.98401 4.9688
8.32783 7.3155
11.9704 4.54718
9.55402 2.7276
9.20672 3.3194
4.06464 7.85979
3.35978 9.41625
12.2341 7.99218
9.4013 8.74012
1.71133 12.4192
10.5129 8.6613
6.96725 0.90674
0.199887 2.2271
1.43289 4.49566
5.03299 0.404385
4.89414 9.51466
4.71919 6.39623
7.14032 11.6451
5.22545 9.58002
4.75197 10.9768
2.44714 9.51826
7.46183 10.602
10.5158 6.48331
2.99871 3.75084
4.87659 0.133612
6.98069 12.3616
8.97876 4.13444
1.1305 0.564602
4.82095 9.62635
6.32721 1.40577
7.5059 3.34239
2.73924 12.4353
6.1124 12.3601
4.89518 4.32755
4.80031 6.5943
12.149 11.6494
1.13913 1.21107
0.10828 7.84468
7.13279 3.06109
7.53781 10.6816
9.5772 7.32369
11.9594 7.47115
9.5663 8.91134
9.286 7.07622
8.27225 11.0889
7.43665 11.3151
0.720846 7.78115
10.2664 8.05064
4.38771 9.47554
5.45317 6.54927
0.0245405 8.02306
0.303618 3.67927
2.65651 3.9321
8.1279 11.2196
11.6138 12.2822
7.19664 11.5478
3.77995 9.87898
7.85698 3.40289
8.14064 7.78726
8.02898 7.62122
4.32114 8.55153
6.22193 0.857959
11.5446 11.817
8.11477 7.13063
8.68651 8.39776
1.34507 3.83196
8.6321 11.8171
7.04838 0.241778
11.4267 8.80996
2.44725 12.0654
10.1057 3.11855
8.94563 9.10798
9.33402 3.62129
11.2751 12.3045
2.08301 12.1035
10.9346 7.40267
11.1433 3.69819
12.222 11.968
7.04705 11.3285
0.299309 2.54053
4.97195 4.0571
8.77787 3.17184
9.48222 2.33506
5.25812 3.02569
9.09578 9.4911
7.63726 7.67381
5.49087 6.25842
0.764736 1.10624
0.932893 0.0533761
10.283 6.9921
0.70589 3.563
6.50331 0.628116
4.97347 3.05629
8.6726 8.37768
11.8391 7.54369
0.519013 2.65431
11.444 7.43918
0.467862 2.37488
5.65197 3.39678
2.87304 9.65335
9.33253 9.43806
3.89853 9.43171
1.47413 12.0728
6.99147 11.9627
6.3459 6.44466
5.93033 7.07228
7.87666 2.83252
4.57379 7.08618
8.51578 7.28226
8.34317 11.8849
5.9053 0.676806
9.85719 8.83323
6.55463 0.35457
2.84064 9.27574
5.60233 6.44169
2.63943 9.97388
3.05368 4.05167
3.80257 8.20163
2.00387 0.120478
0.169671 3.94097
1.83606 12.2704
1.51319 3.88026
9.48406 3.8213
11.9549 7.59424
11.8975 4.63351
1.75874 12.0572
5.14289 7.42827
7.05555 0.478814
12.1502 4.43375
5.35575 0.760048
2.48152 4.01621
7.44854 10.9427
4.8197 10.0294
2.07412 4.20605
2.61119 4.23932
2.40952 6.1375
3.84953 8.53058
8.35713 6.92392
9.01563 6.75536
10.4509 8.16496
12.3135 0.0221604
9.0287 7.5236
4.48046 12.2788
0.855657 3.72696
11.8814 7.29675
9.0093 2.3888
8.87516 8.85552
3.74664 10.2811
5.51398 8.70799
11.6119 4.27075
4.89052 12.0929
11.2913 4.11443
11.8276 3.78278
8.70821 12.3341
7.43661 10.4794
0.212337 0.320892
5.21934 8.3979
12.3206 7.22741
4.97701 12.2127
5.41998 7.21167
9.89566 2.58773
4.34181 12.3619
1.69951 3.83728
0.560405 0.453913
4.20192 8.01288
3.20061 2.92828
1.63615 11.8821
6.52387 1.58807
0.453863 1.40666
7.04742 10.2496
9.09323 9.36529
7.85898 12.0188
6.53397 2.55909
8.24316 8.54675
12.1475 4.16771
11.4091 3.64079
0.827516 0.253954
10.847 7.39253
10.417 6.68106
5.37246 0.944165
7.88156 8.19505
12.4128 7.319
2.84942 2.98628
8.02344 7.00108
1.49753 3.1401
1.54949 3.19233
4.18121 9.46477
3.9678 8.86243
4.15335 12.2745
4.95398 3.62863
10.0288 2.40307
7.0271 10.731
4.19875 3.93788
0.658338 2.12797
3.78549 8.54518
5.02735 6.11783
1.47333 0.461348
7.90592 2.8941
2.74473 5.40314
9.68623 9.3263
0.729513 1.52575
0.054032 1.77071
6.92061 3.46322
11.7606 12.1601
2.59012 5.95476
9.63406 1.66641
10.2987 8.90497
9.67463 2.53476
0.286768 1.90891
6.2133 7.38316
7.99782 7.52749
6.52584 1.11283
6.22802 3.20174
0.742867 0.681386
5.12694 3.84435
3.13117 3.84845
8.50733 7.9457
4.88686 3.42995
7.39219 11.0475
0.0243113 0.588002
5.23623 6.51885
8.05093 2.61257
9.54888 12.2635
2.28396 5.65694
8.45073 7.01173
5.70531 3.36075
1.29363 3.51079
7.76886 8.60531
4.39931 7.18906
6.00391 1.31741
0.125024 2.38066
5.57411 8.06653
9.25722 6.88517
4.5238 0.213831
7.66391 11.2089
2.62531 3.75422
1.62559 3.71564
9.4419 1.80091
12.0198 3.99431
1.28374 7.90081
0.524506 1.47225
9.07488 2.33136
7.01204 11.6806
7.78427 8.37829
5.6882 4.11653
9.98044 2.50033
8.75185 3.51138
6.64295 3.19639
7.60357 10.4293
0.648017 7.71588
4.43474 9.89567
1.994 3.4591
7.60506 12.1215
7.94393 11.6758
7.43727 3.62097
4.33444 7.10627
2.11312 11.9023
0.738555 4.46469
7.86755 10.8334
1.93198 3.3758
7.6824 7.9198
8.32327 5.31161
3.59437 1.02891
8.43176 8.93097
4.89144 3.45593
7.25283 3.73967
4.54299 10.7906
3.31414 9.02372
11.1399 10.98
10.6413 7.33306
5.32967 3.65827
0.306327 8.02352
12.134 0.906702
4.96543 2.87021
4.77705 6.03616
3.13222 9.07066
10.5314 6.67985
9.41476 1.90476
3.21875 3.58522
5.48777 3.36305
0.316756 9.0236
10.7549 7.29321
1.52751 12.1543
2.3025 9.82655
11.6864 3.2951
0.325913 0.160421
11.6906 11.7239
4.6435 6.49426
7.94548 12.2157
1.46073 6.8115
6.9538 0.961546
8.1791 7.63991
11.0731 6.39857
8.3431 7.71872
8.88594 3.22607
3.50152 9.77371
6.02524 7.43134
8.46052 7.48428
9.64131 12.4267
10.0338 2.58847
0.857288 0.589155
5.61695 6.72393
6.23811 2.16513
7.98697 8.79797
2.71853 3.10929
2.53193 10.2825
2.06246 11.8887
9.3598 7.69946
4.76475 10.0616
6.81208 2.17092
3.24685 9.60036
7.84335 10.9999
11.5051 8.78065
4.87334 7.05378
1.01716 2.79109
7.69958 11.8416
5.0833 6.37222
1.07431 4.75405
12.3607 6.63139
11.046 8.96193
0.813168 8.90947
1.20072 0.473776
4.65487 6.3779
7.06879 11.42
0.592501 0.789083
11.7207 3.6229
9.1317 2.99138
0.640115 3.21564
2.3723 2.99919
6.94031 11.1042
10.1139 7.47846
3.32196 3.90228
10.7834 7.05549
6.3214 3.42012
8.81626 2.9602
6.22384 3.06205
12.3258 7.25862
6.48119 3.3909
3.29863 9.458
7.44282 4.11915
5.41189 0.744107
10.7649 8.27609
6.56091 0.18624
0.22766 2.96787
11.1407 8.30747
2.6486 3.79542
10.8653 8.45073
4.32516 11.9226
1.94908 11.9683
6.23292 2.69937
10.047 2.2546
10.7251 6.60191
7.14336 10.8216
0.764596 7.7071
8.56917 3.23698
0.613714 3.13041
6.99361 4.63
12.107 11.8987
12.4008 12.1958
4.30535 9.45326
5.70367 0.0340191
0.631453 3.67463
0.390536 1.20071
11.7417 9.14883
10.3187 8.90762
3.76916 8.68424
12.2779 3.61284
5.27415 9.99566
11.4507 0.0518865
2.45181 1.2983
6.04388 7.65884
1.71596 0.35436
12.1283 1.08854
7.27575 10.7457
10.9084 8.03807
7.90237 12.4031
7.48724 10.6872
6.56296 11.7581
5.64597 4.22677
4.98577 10.6351
7.84671 12.2797
7.61185 6.99602
4.73456 6.66938
4.89715 2.99708
8.68414 11.3102
4.27455 9.47559
6.01366 0.923379
4.52516 10.939
11.3066 9.05115
9.56483 3.63302
7.22937 10.5857
0.134646 3.06195
2.79422 4.34678
10.2525 7.48059
2.07955 3.88921
6.21383 11.1636
11.7764 3.57559
4.50432 6.79708
5.58047 9.56593
9.15028 2.18324
8.17145 12.1759
6.72478 10.855
6.87762 2.60887
8.7162 3.71492
11.8484 3.19581
8.2122 8.17162
10.1742 8.21135
1.18723 2.9311
0.123922 7.30307
0.794162 0.760584
7.52006 7.40508
2.04819 0.0853838
3.95986 10.9857
3.96937 8.01011
6.1537 6.39874
5.86903 7.42843
7.82813 11.2917
1.17012 10.6984
5.04885 3.85606
6.42573 2.71602
11.711 3.35555
7.47153 4.90664
4.98126 6.55521
6.37809 2.79474
9.01997 4.23949
11.2467 3.99601
5.20501 7.44683
5.03652 0.790125
11.1755 8.18844
8.65456 3.57143
7.04895 11.2119
5.45734 0.210991
6.06628 7.78277
7.06108 11.2056
8.07579 11.5075
2.32739 4.1671
10.4987 8.58319
4.93165 3.35428
1.04644 4.03119
6.69414 3.43927
10.057 7.94075
0.908842 0.262389
4.71068 12.3134
7.1968 2.93959
11.9063 7.58191
11.0116 0.141269
8.11253 6.89582
9.48927 2.73024
10.1413 2.17078
5.39492 1.34908
0.648966 8.57692
5.09944 3.94513
4.37856 12.3061
5.03735 7.09397
11.9439 7.04423
12.0579 0.793389
7.83666 6.85509
8.29613 11.5075
12.4751 1.08981
5.27906 7.9905
2.33432 3.94845
3.35676 12.2496
6.07978 0.785861
9.8131 2.13757
5.12545 6.44325
2.09911 0.0253446
10.653 7.22146
2.55345 7.41652
8.62237 4.08066
0.0659079 2.73646
4.93416 6.10168
3.893 8.91636
7.16978 2.33171
10.2936 7.45083
4.36921 11.4079
6.10982 7.34542
10.9265 0.117727
5.57816 7.68846
2.36583 3.92916
1.75248 3.35292
11.3592 3.90491
0.397037 2.99087
9.20937 6.86368
8.83586 12.0608
9.2424 3.74167
0.332657 7.86373
4.62881 6.97125
12.1917 3.06377
4.40518 10.1277
8.96551 9.2595
7.48478 7.37383
5.15113 7.90825
2.51202 3.29992
6.0857 7.65778
6.01241 6.65401
2.07819 5.73713
10.8214 7.2556
8.8519 7.62038
9.38836 2.16211
11.5798 3.41334
2.75 12.4469
3.76164 9.89667
8.78068 12.2881
3.71817 8.76776
2.13844 9.90244
8.89661 3.65422
11.8653 4.41188
0.442803 2.42918
12.1317 11.8883
3.18403 10.1422
4.26139 0.23822
2.50229 9.35966
4.20699 11.859
5.09644 1.06587
12.2389 7.17962
0.168171 7.85117
9.28171 3.14658
8.82702 4.29263
4.77913 9.89842
3.15386 10.0407
7.75768 10.5658
9.23425 1.77679
9.95539 3.41571
4.77563 12.2869
4.27109 6.90205
9.24859 3.96153
2.11073 12.3637
0.776931 0.139544
5.41379 9.05403
8.8515 6.71075
8.32881 8.8554
4.62384 9.63897
7.88931 8.23608
5.05723 3.82011
12.2814 7.20415
4.72455 6.92419
6.60281 1.66884
10.3051 8.81404
0.405251 10.9971
5.30859 6.41815
9.8142 3.293
6.02454 3.5412
1.55876 0.808604
10.4853 7.7251
12.308 9.11568
3.5652 12.491
7.22603 11.9334
4.75938 4.09144
0.974421 1.69303
5.80678 6.33047
2.59469 5.20807
7.17302 10.9377
12.3912 11.784
5.89265 3.21421
0.400899 2.34799
3.94835 9.49473
7.50494 11.12
1.22825 1.10553
0.00845905 7.30563
9.33004 2.51718
10.5276 12.1991
4.81724 10.2784
10.3585 3.21571
0.512979 0.069524
11.8074 4.06816
0.43971 3.2433
9.60974 2.81079
3.52972 9.08901
2.7277 8.24233
4.85827 8.92968
2.14047 4.61649
3.19289 9.18009
4.0731 9.49246
5.08758 0.440352
10.8265 8.43961
5.1948 6.57444
11.1868 7.84307
12.4704 3.23268
8.70483 7.27914
5.49339 6.85028
4.06912 10.2125
9.00217 7.09023
5.87383 2.86425
7.88014 7.75787
5.18663 7.00268
5.34695 3.00939
8.3243 3.52685
0.0440686 8.01703
11.2543 8.99505
11.8061 6.5565
8.30542 12.1981
7.11122 3.92265
9.14968 9.16513
10.516 7.15838
5.8542 3.78244
5.25609 4.33362
9.51438 2.14569
4.70334 6.31121
8.07873 10.9942
8.39862 7.21737
0.0125633 8.89317
11.9767 2.27487
6.83849 2.65408
8.7942 7.84107
9.57256 3.4227
11.3047 8.35359
1.70804 0.370094
3.05517 9.22971
8.83131 6.27138
11.4245 12.3793
11.7406 4.15771
4.59908 6.7133
4.90267 3.78705
7.475 11.1229
5.09325 0.582629
2.83051 3.81939
4.25892 11.0988
12.1057 0.677407
2.10611 0.0797279
2.82048 5.12756
3.36494 9.47589
10.1261 7.31356
8.30029 11.3648
2.39792 3.8891
0.382787 3.19627
1.23219 0.00228758
2.04381 12.0629
5.68221 7.06575
12.3829 4.61721
12.1049 7.19689
4.52085 10.5989
5.59747 8.45489
9.48937 8.61043
7.9176 8.15298
9.91166 2.49108
2.25319 4.25964
10.6159 8.97702
8.43445 4.09279
12.1899 0.0949338
7.10674 3.52364
0.0907735 0.113306
11.8842 8.39118
2.69588 8.75104
10.7754 3.06766
6.65711 1.01575
8.60562 7.75632
8.66585 12.3735
11.4235 3.78302
6.0518 2.59535
2.61802 6.99124
11.1388 6.9866
5.74071 7.49675
7.81413 7.94739
4.83744 0.681796
11.4931 12.1974
1.8013 12.3688
8.34664 8.5003
6.81042 10.7746
0.103515 8.11885
8.26992 6.69525
8.45427 11.5094
0.29375 3.37188
10.685 7.26525
9.15045 2.38052
0.757427 1.52387
10.5187 8.94093
6.27626 1.38567
7.87824 7.75946
10.3893 6.63097
0.893722 0.234282
11.9822 3.24527
10.7472 6.58406
5.39051 1.06546
8.13341 11.6367
5.92998 2.00556
11.1952 4.03902
4.406 11.8691
12.2229 12.3947
3.88527 10.0596
4.5244 7.12543
0.290495 0.693761
11.9625 12.0758
0.121014 0.307239
7.64221 11.0998
7.02908 3.45323
7.5774 11.0511
3.43051 9.22542
7.3347 11.1074
11.508 8.74887
11.0515 8.41646
10.2161 8.39098
7.13912 3.83206
0.63022 0.483683
11.8225 4.16776
6.9438 3.08287
5.77083 8.85553
9.81488 1.81462
5.78343 6.3208
0.564532 8.58345
2.90124 4.01602
3.30041 8.28527
7.36795 5.6146
10.9259 8.39214
8.75621 6.89339
5.44476 3.45589
4.627 11.0118
9.4744 2.83362
11.6921 8.45613
5.71793 3.30329
8.46748 3.2834
8.2526 8.09616
6.72005 11.101
4.62322 5.97126
9.71274 6.88708
5.18415 3.75798
5.47556 1.15578
7.20377 3.25956
11.8459 0.259398
7.33284 3.70401
2.63204 12.2092
5.03724 6.60183
0.00371447 1.78424
0.174014 9.00942
11.7937 3.76558
0.78353 8.81818
8.70079 8.82189
7.64652 4.20292
5.99766 2.36494
6.47461 11.6464
0.220763 8.59814
9.10954 3.33932
0.0986728 0.683158
0.952532 2.72648
0.0353104 10.4402
0.932651 7.73832
7.39519 11.194
5.6425 7.41025
5.3979 7.98693
10.2425 8.24379
8.20442 7.86992
0.624783 8.52836
8.08527 7.9565
4.4702 6.37775
5.09933 7.54297
8.33592 2.6268
7.89316 10.9554
6.04364 7.05093
2.67986 12.3169
8.48282 7.42434
7.97159 2.87379
2.03966 11.9657
7.22894 11.9274
1.80213 3.46187
7.5767 11.3936
12.0107 3.62346
12.012 12.3421
4.35941 11.8966
0.883995 8.43221
10.605 8.43764
5.71758 7.93306
2.79969 4.57048
9.68266 3.81327
7.47961 11.8707
1.37784 3.61983
11.7058 6.84033
5.55689 4.09454
2.8417 3.61499
5.88998 0.318156
3.73679 7.99586
8.57155 2.65386
1.23181 3.31149
11.7716 6.76565
5.44603 0.300749
8.79704 3.49003
2.08259 5.7661
2.38626 4.22407
0.742664 3.21321
2.46177 4.8795
2.13927 9.89435
3.05476 8.56933
4.90569 0.498495
5.93328 7.47369
7.60871 3.58702
4.89055 4.22255
4.16361 8.81463
6.70914 2.99726
7.47653 11.9197
8.0443 3.44361
5.5682 3.89074
6.16391 2.7071
11.7089 4.34873
2.51686 3.54279
8.00111 8.08072
5.52482 9.41986
1.40907 3.60548
4.39596 6.549
4.92705 9.29458
10.4624 7.3376
11.6083 10.1621
1.05727 7.57657
8.45047 3.84444
5.27825 0.733017
7.49771 10.4766
8.58704 10.4777
2.33021 6.11402
10.2353 3.31348
5.84983 7.55156
11.172 8.24586
1.99571 9.46338
0.820347 0.608791
0.361674 0.573966
8.60698 7.823
5.17097 8.83415
1.58467 11.8988
11.5236 7.95321
10.896 7.37592
1.53597 5.22708
8.58301 7.49317
3.0578 3.75455
7.9166 11.073
5.28191 7.87797
11.4244 3.25935
9.36796 3.64839
8.57096 3.75475
10.46 8.84192
8.40109 8.73199
12.2844 4.98713
8.75038 2.64726
10.9563 9.18097
3.26122 8.72484
2.90796 4.08612
7.50765 7.62982
5.91465 4.06059
8.75812 2.17237
9.78228 2.06324
6.81522 9.72941
4.21343 11.8343
2.25326 6.6399
4.87403 11.7992
11.9079 2.12542
6.75337 2.84553
6.14064 0.803333
4.6978 7.32854
8.13628 7.47548
8.68078 2.69428
8.55076 8.58543
1.75713 4.2494
0.603173 9.553
5.16902 9.84514
0.391079 0.543766
8.60853 12.1231
8.41796 11.9692
4.657 10.7612
5.4966 6.861
7.23437 11.5277
8.81396 8.36631
0.757668 0.305378
12.0319 7.55334
8.01605 11.3474
4.83333 6.92169
9.46779 3.20865
10.6983 8.26024
11.2028 0.349616
8.32983 12.4453
12.4938 12.2642
5.40524 3.83605
11.7286 7.47557
9.82244 3.73679
12.3323 12.2244
8.00949 7.95214
2.69345 5.24688
10.9564 8.80906
5.19303 0.198286
4.05913 1.83587
11.1241 4.00843
5.92026 7.5671
10.8223 0.083385
2.65026 9.77901
7.16935 11.2451
11.6858 0.422778
9.70781 8.43411
8.14251 10.7674
9.29293 2.65671
0.441885 4.58601
1.3368 4.56417
0.0902916 3.96666
3.00154 7.01127
11.2371 4.24717
5.68136 8.94072
7.15396 4.02192
0.440161 4.35907
2.62854 8.13548
0.594998 7.32196
6.65587 11.3097
5.33689 0.670729
8.54405 7.94654
9.93855 9.21823
0.753875 1.74879
11.9059 4.02785
0.768868 8.66466
4.92308 9.66872
4.8514 10.5049
11.6576 7.65116
8.55323 11.869
1.33099 0.629927
7.98806 2.96234
0.596302 8.58187
11.991 11.9575
3.33187 8.2861
8.44571 11.1223
7.56972 10.5152
0.125969 7.76619
12.2677 0.428822
4.93385 8.95063
11.4446 3.64929
6.33032 0.227226
6.90666 3.83546
2.56201 3.77264
7.62676 10.7354
4.96328 9.19049
9.50137 2.1441
2.27086 8.65741
10.141 3.51731
11.1948 7.01647
4.45806 7.4654
1.37118 4.45483
12.4252 3.16444
4.50636 10.2472
1.23741 7.27025
12.2422 8.29576
11.8017 4.26337
7.73916 3.01582
5.84126 0.415667
11.7129 8.67621
0.932652 0.682574
9.14357 7.77126
0.62455 4.49579
8.42881 7.13749
0.764623 3.34968
5.66333 1.3082
11.8986 12.1568
4.10325 11.8099
12.4074 4.58019
8.22172 8.67309
3.09605 10.2305
5.55389 3.39379
11.6344 4.01739
10.2107 2.77724
2.15979 5.25236
0.377026 3.63776
1.88437 12.13
9.34086 2.66485
5.08464 6.93695
1.92676 12.0351
6.82689 2.64791
0.36747 0.329471
2.32272 8.14233
0.0901372 1.71674
4.8311 6.0147
1.41886 12.404
1.86567 12.2296
7.90011 7.50731
9.9626 9.40846
1.89326 12.1816
10.0457 0.669293
4.32516 0.0320022
11.6902 3.48278
12.284 8.36334
3.05136 9.57314
2.1523 9.04438
10.6159 7.41812
9.64388 4.00794
0.626177 1.18597
5.74587 2.62059
5.02008 3.96478
1.70326 0.583727
5.58062 8.72974
3.16432 8.30208
4.33156 6.83518
0.700829 0.451852
11.7057 4.81876
11.1059 7.41462
11.3132 8.02187
4.97529 6.40263
5.74091 7.11994
1.82818 8.13228
8.7108 11.6367
4.61293 8.97315
7.60011 7.35137
10.4293 2.21797
0.661377 2.07409
12.0986 4.03879
10.0272 1.97064
2.75622 5.9059
2.59731 6.1958
9.55482 3.79161
8.00649 6.71184
4.62781 3.68821
8.06842 7.73771
1.12301 8.5827
7.83432 4.1806
12.4793 3.66217
2.45462 9.65695
4.31088 0.170913
2.09297 3.30343
3.02567 3.03207
11.5677 8.59963
7.63071 11.0455
3.38697 8.59857
7.61059 10.913
7.72376 2.07155
8.30108 10.7508
11.5718 3.42789
4.8732 9.30619
5.03632 7.56826
9.80959 8.19188
10.928 7.95815
8.44728 7.86751
2.40571 11.2011
2.80958 12.4283
3.66458 9.20835
0.157183 0.834783
8.3552 9.17086
2.42749 5.49129
7.41279 3.87748
6.49967 11.9444
8.97073 3.01466
10.9615 8.26197
0.662825 8.4073
11.8431 4.43904
5.71015 6.69833
6.08699 0.618706
8.4174 1.78234
2.25186 5.78215
5.86644 1.97232
5.68381 2.81286
6.24586 1.10065
3.54259 8.92389
6.20295 0.520727
0.304615 0.552219
0.54753 0.999257
9.25801 2.00977
9.71585 7.83649
4.06594 12.2289
2.26372 5.33407
7.08323 2.78958
8.53112 6.61606
1.32764 3.02133
0.730202 0.895536
11.2235 4.27442
6.97256 2.55651
0.764904 3.50695
6.57351 0.00121808
1.62254 0.113063
2.41978 9.72999
9.26419 9.35736
6.52444 3.13386
6.72023 0.568959
1.58747 3.2761
10.3559 9.35145
12.059 3.34848
0.480186 1.87197
8.40464 11.2716
1.08285 12.4501
1.13772 12.2524
0.851455 8.15655
10.9801 6.98762
3.33995 12.3794
7.82105 11.9727
9.90431 8.55252
4.97848 6.16136
0.820095 8.85936
11.6459 11.64
12.0549 7.50311
7.91364 5.93576
8.25664 11.777
9.55121 2.73292
11.3961 7.6473
0.732267 0.724831
12.1282 0.177816
6.58326 1.66209
10.3693 7.80723
10.585 8.79417
9.30763 2.25663
5.35268 8.85107
8.15953 3.03068
5.56466 6.04247
5.52335 8.95226
7.38505 12.1487
12.3238 7.50475
2.59202 9.88368
8.04514 8.27239
2.68317 5.72645
4.05469 11.7553
8.8092 2.7787
12.2895 8.51267
11.8852 3.71706
2.99272 9.34792
9.05388 8.03292
1.61317 4.80902
12.2605 11.7764
7.16397 3.26709
2.56184 3.67958
5.95877 1.8058
12.1349 4.53037
2.3443 4.53407
5.01192 4.27916
7.35662 11.3517
6.44504 0.252373
12.0008 4.88265
2.89952 8.8725
8.78953 8.93856
9.01172 9.41708
10.5209 7.96705
3.81442 9.70991
10.5921 7.5445
3.19198 8.75303
12.3921 12.0785
8.45093 12.1543
8.12953 8.16381
11.4943 4.48576
5.43093 6.88882
0.20574 0.912447
4.12092 11.5542
7.68593 12.3826
12.0353 11.8591
12.1711 7.53874
0.913284 8.05828
1.70185 11.8219
9.66025 11.0209
4.37068 6.6896
12.3761 11.9453
8.32088 11.5506
2.40532 10.0843
1.34143 12.4014
11.1249 7.59604
12.1082 0.790404
5.24727 10.0556
10.6151 6.60659
7.46733 3.32981
0.690393 0.887736
5.0103 9.05492
7.62136 3.07566
3.7136 10.3396
7.63292 8.23224
9.08846 8.97148
0.374756 2.45521
0.58915 8.32427
8.94447 2.96321
0.810617 0.0461767
7.82324 2.63353
0.424423 3.48166
8.98795 1.75971
11.9422 0.993052
9.20012 3.23369
4.84145 6.91446
4.76874 6.82758
11.318 0.232536
1.50983 3.75442
6.31645 1.13728
11.0947 0.325301
2.57808 5.40424
6.91568 11.2591
7.9087 11.9777
6.02082 1.16359
5.4778 3.02118
11.6728 4.62039
3.82787 11.3664
8.1277 8.83437
4.63762 8.80853
8.1171 10.7229
9.2666 9.31254
6.02272 0.579327
11.4982 0.730362
9.60655 2.59228
1.01152 8.34019
0.317551 8.12682
11.2236 3.82963
6.01549 0.469364
10.6102 9.87102
1.09507 3.2016
4.90121 3.65903
11.5801 3.23387
5.10141 3.86923
4.80561 0.861069
6.33037 1.90907
3.92596 11.7028
0.722404 3.09444
5.03764 4.23393
11.186 4.32135
0.232718 2.89865
3.29754 8.47099
5.77535 0.942892
2.91118 3.64574
0.677823 3.31429
9.64982 9.19057
10.2658 2.78286
2.37676 10.0582
4.78132 12.2725
2.18129 5.06507
11.5158 7.79444
5.56808 6.84031
10.4388 7.65538
11.6527 4.3665
11.0915 8.31485
4.26069 11.9103
7.80717 7.3512
10.7629 8.36515
1.57037 12.3117
0.281575 7.83663
5.28782 6.62917
2.9987 3.49939
5.73055 8.75223
7.9588 10.8224
3.33545 8.7079
0.724551 6.78743
4.17069 7.17692
9.62297 3.26446
0.517653 8.05377
8.295 11.2187
3.8916 12.2669
8.24685 8.72039
9.98101 3.02761
0.573466 8.05962
10.7188 7.052
7.65646 11.5033
11.0645 6.56378
8.676 8.92651
4.72181 9.38535
9.73122 3.45811
4.43137 0.0651733
8.80319 5.59318
2.09821 3.05137
2.4177 5.87058
2.29528 3.51604
12.0698 11.6631
11.2547 3.9395
2.89248 4.90058
0.120133 4.13792
5.48794 6.4283
10.0713 3.45322
8.98336 7.75963
2.47834 12.1331
10.1978 6.64642
5.6922 7.56346
5.28533 6.79195
5.89747 6.33208
9.58249 2.60602
7.47631 12.3997
4.38544 5.17617
0.240575 3.15687
9.92086 2.32313
4.76905 3.65421
8.718 8.81542
11.7103 0.836557
8.52191 7.43626
4.8637 3.26245
1.74145 3.75722
2.14784 9.88033
4.70892 0.779988
2.96487 9.23873
5.51703 0.544238
10.9221 7.31296
1.58831 3.27282
7.84759 4.27816
12.3543 0.501297
12.3137 3.98815
11.907 12.4149
1.02329 7.81398
9.81072 3.65266
8.31316 12.198
5.45667 6.53528
0.0412945 8.13598
1.70705 4.57071
9.35637 7.22676
11.1151 9.04528
5.80846 2.24884
6.5023 0.677118
5.29078 6.67871
8.35551 3.82612
10.41 7.78504
8.63497 12.3542
11.8696 0.357017
4.97396 9.99704
4.98317 5.97604
8.0922 7.76229
6.8341 2.02409
8.71572 9.32377
0.647391 1.38793
9.90753 7.53038
0.244687 2.57971
3.77247 12.3243
6.49373 10.2736
9.45654 3.19503
2.01272 12.0281
8.43155 3.65619
11.1195 3.45977
8.69619 8.01858
11.3844 4.24008
0.104723 7.40274
3.15162 4.25399
4.88023 3.64738
2.45856 3.76311
0.531806 0.113973
6.6993 11.3314
5.69559 7.04383
8.61301 3.90544
6.38823 0.427699
7.99092 7.7456
3.41292 8.85542
0.451778 2.80557
8.24512 12.0828
5.37027 8.58444
6.86267 11.7588
7.56928 4.01232
11.5563 4.00508
4.43118 6.91048
5.41134 3.76649
5.1153 9.80691
5.79743 9.11957
0.282774 3.05891
8.47644 7.29574
8.95701 2.77985
4.83962 6.01255
3.42116 9.96837
8.10522 2.99751
8.51883 11.6717
12.2266 7.14484
6.19621 7.66129
5.60603 9.59996
0.498944 0.036835
7.57067 8.17506
2.15294 9.63284
2.63375 5.93506
0.23858 3.65106
2.84638 3.29538
9.06357 8.50036
6.70472 2.73889
11.9346 4.49318
12.0522 3.71671
5.09681 3.9355
1.3614 12.1411
11.5863 3.49106
7.46429 10.96
8.77169 3.44654
1.55714 12.046
0.457061 7.68145
5.02986 10.3733
7.69846 10.9919
1.54695 6.83777
5.56149 9.25971
1.85881 3.55619
1.83844 4.24832
2.6453 3.72983
7.88231 7.52898
9.03942 2.17842
9.8928 2.01174
0.753762 5.66204
5.75464 1.7699
8.29835 3.16896
12.4704 3.21375
3.52218 10.0788
2.20376 3.96987
9.59839 7.08537
4.47307 6.14988
8.90902 2.92185
5.78978 0.96381
0.772082 4.48599
1.86159 3.56215
2.53079 9.92242
2.17446 5.56333
2.86223 4.05483
6.69718 1.14852
0.486892 8.70856
10.7901 7.87135
0.146291 3.68813
4.6696 7.6126
0.997387 12.4539
10.9994 8.00265
1.68817 7.59791
9.38223 4.7079
5.61818 7.16151
5.83987 1.15644
6.4532 6.9438
4.94299 9.86884
4.61969 3.56031
4.19173 11.7996
12.1306 6.79188
4.49962 9.08278
11.446 8.28903
0.240123 2.59278
0.264486 8.84383
11.7768 12.4455
1.80574 3.89813
10.9986 8.15111
4.63132 3.40017
2.76987 3.04831
9.2643 3.83555
12.0075 4.92273
1.41258 3.62342
11.8283 12.2153
12.1648 7.79739
12.2144 7.43902
1.89751 3.29156
12.4702 0.79265
11.7331 3.9178
8.48074 12.1968
8.19994 7.27489
0.446198 6.82812
6.72945 0.0768007
6.77965 3.95753
5.51001 3.92005
12.1757 11.9476
5.45962 8.94588
4.82844 6.68244
0.219955 4.5112
3.75851 11.4905
7.71585 11.3061
0.476035 7.47085
5.83621 7.3061
4.93233 3.09471
5.7105 3.87352
3.02546 9.45641
11.0111 8.67579
6.60249 10.9523
4.94833 9.89219
9.67461 2.29012
10.0786 3.15439
4.57931 12.2314
5.61066 0.180196
3.57642 8.90334
10.2513 7.46015
2.06495 2.91346
11.2555 7.47532
8.39001 6.88728
4.43621 11.5441
11.7095 8.28295
11.2623 8.5635
12.0174 12.2988
5.72355 9.19902
8.77009 1.98496
6.38401 7.125
9.38939 2.08864
10.8526 7.55667
9.7634 8.26654
3.28567 3.16109
12.4024 11.7828
1.04552 2.91482
9.06172 8.47844
2.16643 4.33685
0.0621889 7.74357
3.11881 10.0607
6.21964 6.53345
4.84955 6.08217
6.96758 10.9262
3.56609 10.7272
9.47062 1.60488
7.73409 11.0297
11.1115 3.57594
5.46966 9.7185
3.69057 9.58825
5.8977 0.802218
4.00546 12.3806
3.12001 3.47926
5.36604 3.62035
3.25708 10.1514
7.51377 10.7457
8.27574 2.62933
6.13778 10.9812
8.15261 11.7203
9.18745 1.88124
5.09799 7.65869
11.8342 6.63554
7.55177 11.4966
10.6693 7.98578
6.2585 3.71285
7.89725 7.12626
8.51711 12.1406
1.10327 0.877968
12.101 8.42973
11.8326 8.3043
4.6571 4.11327
10.6829 8.82689
4.82693 3.50339
4.12287 12.2898
5.68765 6.87817
12.0631 12.4283
2.41554 6.14566
7.56174 10.8325
0.614318 7.63281
1.38788 12.1843
11.3871 3.7926
4.63808 7.20886
4.88877 10.6243
12.4504 11.7291
11.2101 7.11225
0.496096 1.67634
2.04201 5.59147
1.98482 4.22823
0.339537 9.14635
3.98783 9.94632
9.07629 7.44802
0.618379 8.15298
2.08042 11.8319
9.22564 2.405
3.55521 8.41519
2.11984 3.3032
4.08577 10.1099
6.50709 0.34003
0.112904 8.73937
0.806279 3.98768
0.537418 2.93923
4.61829 3.84394
12.3895 7.14953
7.49095 11.2883
5.19508 4.10516
2.63287 3.85547
7.08316 12.0389
3.77899 8.41599
5.09242 3.79426
11.108 8.43914
6.33639 2.85379
3.07912 8.74126
8.03194 12.4082
8.07754 4.18403
2.57616 4.02555
10.8689 7.20061
5.58619 0.236083
4.48828 0.563146
0.254378 7.15056
2.94934 5.1402
9.6769 3.48557
0.163734 7.6979
9.15149 10.2094
6.52253 11.8525
6.34879 1.38401
1.4732 0.415237
2.45947 12.2754
8.59075 1.75991
3.878 9.03461
12.0611 7.43444
4.94854 9.43714
3.22658 8.19319
11.3909 12.3544
6.5851 0.944369
5.1526 5.16217
12.4462 0.82911
10.3358 8.42319
5.1727 6.1068
2.08435 10.0076
5.12347 6.58734
12.4652 12.2341
6.1204 1.81189
10.0583 3.36545
0.387112 7.56008
11.6585 6.95407
8.64223 7.42213
0.0340501 3.46935
3.04448 10.224
2.44571 5.52955
0.152854 2.19047
0.106777 1.2254
6.3444 2.62854
7.56627 11.4702
0.927964 2.64272
0.474179 8.02386
5.09429 7.43721
10.9487 8.46754
9.66149 1.97393
0.186192 3.35345
3.204 4.05756
10.1735 2.67854
9.81278 8.11852
8.25498 2.65871
11.7238 7.72307
7.53624 11.3335
2.36267 4.64697
9.12446 8.67816
10.2957 2.82656
5.92236 1.35717
8.00874 8.02501
0.145506 9.22666
1.97795 4.55586
6.98271 11.1581
6.41472 7.21072
11.9393 9.36209
12.3018 4.61395
0.654049 0.767792
1.63521 2.92637
0.0509004 0.631236
4.67457 6.74451
7.33762 11.7706
4.27284 11.1394
5.05934 0.5367
6.32749 0.376236
10.0859 7.76963
12.3314 3.84163
2.86496 9.94028
11.9014 7.55281
5.87138 4.06785
9.49085 1.524
5.16358 3.90733
12.4747 4.32161
4.42222 5.19513
8.90187 9.51448
0.843741 0.534171
5.85682 7.06753
3.30285 8.40793
1.21145 3.54768
3.12655 9.06475
3.57501 12.4815
2.10849 3.45635
4.78003 10.1604
11.653 7.20393
9.31836 2.21384
8.2155 3.83922
8.94876 4.12953
0.034629 2.74415
0.0259889 3.03737
4.62744 9.75516
11.5727 3.20229
11.6232 9.22292
11.1903 0.278121
5.75575 0.271607
2.85056 11.4005
8.59939 12.158
1.64439 0.237156
0.518165 4.55035
9.63685 3.84567
0.297405 3.0505
6.44562 0.456823
2.25251 3.51619
6.52008 0.231443
9.58549 3.58814
9.87264 3.55745
4.89101 3.79505
5.69851 8.37062
0.895437 1.42999
0.0996102 7.40353
9.61371 3.09669
4.67932 3.62613
8.98805 8.63641
2.72832 3.52665
12.1593 3.67086
10.3541 1.44801
8.48505 11.9496
1.44629 12.2443
0.113701 0.282213
1.36007 0.373643
1.46641 3.92924
8.66094 11.7528
2.34022 12.3409
8.04203 11.2093
5.66935 8.29785
5.7069 7.28326
0.44256 8.92613
5.65687 6.58954
5.88849 7.02032
12.2963 3.86843
5.43798 6.63986
5.17258 10.2061
4.50474 6.78894
1.89199 7.26865
4.81434 6.39712
5.79268 0.859263
2.83899 9.04751
4.25469 0.847844
0.278208 2.97086
4.77269 7.65719
12.3462 0.0770685
8.46732 6.82068
11.2529 12.2301
7.86348 8.54547
8.16076 3.03996
8.54818 4.12214
1.9578 4.9256
8.71446 2.70409
5.23723 0.559497
4.83208 10.3856
9.70348 3.94031
9.10366 9.45703
8.16074 2.51008
5.58567 6.63417
9.59206 6.90454
6.78762 11.2758
11.9312 4.44804
1.8579 8.83589
2.95446 9.77612
6.55878 0.0908882
1.39999 4.20963
11.744 7.07698
3.34692 7.62467
4.70333 7.20724
1.98828 3.6932
4.79885 11.37
2.14796 4.25605
0.976355 3.31969
6.98973 2.26764
7.62489 4.12554
2.7537 3.84794
1.04241 0.541976
3.40679 8.87552
8.97773 7.41866
0.435736 0.496899
10.1724 11.3667
2.23337 10.1387
4.83389 6.84434
1.15154 0.181486
10.3688 6.98583
4.7468 6.6867
6.43126 3.20019
8.58153 7.0258
8.83937 11.5827
12.3513 11.6565
0.055555 2.18054
11.4223 4.3762
8.19868 3.23323
5.83995 1.35493
12.2988 0.101982
10.6728 7.86091
2.96256 12.2656
8.77288 7.35018
5.00387 6.00241
12.4119 0.633531
1.26136 12.0971
1.19236 2.91279
0.891357 1.81285
11.3133 9.13708
0.510768 2.03899
1.20949 12.0848
11.5528 0.621191
11.0513 7.76255
5.12007 8.8195
5.25972 8.04477
2.99295 3.80289
7.72759 8.55889
12.1058 7.443
4.53834 6.32476
11.3408 0.022347
7.88967 12.4876
8.43894 11.675
7.96935 8.85673
7.55614 11.1327
0.71754 7.98721
0.522936 0.431383
3.82323 9.92356
2.01811 3.46182
4.81273 5.99372
2.51726 4.94437
9.3811 9.17338
3.42922 9.08369
10.7881 7.39247
2.37694 11.9694
10.957 0.150137
6.02429 3.42318
3.45215 10.3828
3.8925 7.71772
6.09759 3.05326
0.933617 7.83941
3.4551 0.986642
10.7472 8.68187
4.89094 3.22281
9.82559 7.43151
1.25317 0.413456
7.64801 3.16651
10.1743 6.84521
11.6307 4.07248
2.98553 7.19041
2.97093 4.08366
11.3504 7.03731
5.51867 0.561605
7.47049 6.14939
4.54828 0.255905
2.1716 3.02371
4.30985 11.485
6.72314 0.028826
4.7991 6.84102
3.41286 10.4715
1.05254 4.03638
3.96818 10.4922
6.79907 2.24964
5.30379 4.2434
2.09662 11.8353
5.50268 9.34806
5.12498 4.31066
10.4864 8.44589
12.3696 6.75564
0.233951 0.778488
8.43442 8.25776
12.4435 3.39044
8.47374 3.03103
9.21465 8.38091
11.7095 6.84699
8.20484 12.4037
0.878801 8.42358
8.79446 7.07989
4.72478 12.0883
7.41175 1.60994
6.40291 1.77788
9.09346 3.61164
2.14234 3.02139
11.492 4.51692
2.08527 3.88735
8.60703 3.3297
9.9323 3.61845
11.6073 0.520383
0.600415 4.2228
9.99418 3.00106
4.88711 0.448435
8.28556 11.5209
11.0711 8.88206
2.73159 4.4466
6.32146 2.21366
4.82704 10.2892
3.80354 11.8279
5.83072 3.0814
9.14252 2.38969
5.46096 4.12562
4.22456 7.51924
2.13881 5.622
7.2445 11.2578
8.3002 11.5308
7.92325 8.25989
12.2249 4.06818
2.82372 4.17875
8.64095 8.49121
9.78469 9.15717
10.4333 1.45527
4.17636 11.2611
0.384616 7.90614
2.85015 4.24186
3.13762 9.17359
11.6762 8.39661
4.32551 9.22876
5.3314 0.990294
3.36446 10.4745
12.1964 11.9501
8.95369 2.9105
5.24453 6.48908
7.18398 11.3982
9.20522 2.80294
5.32786 3.94305
10.4885 8.0782
8.67877 12.2799
3.46325 9.34848
5.50769 0.976813
10.0445 9.14835
5.44784 9.30789
4.86375 8.4647
2.59199 12.213
2.11894 11.9229
0.420514 2.09577
10.009 3.46497
6.12532 7.18236
8.05723 12.324
5.41862 9.24078
9.79294 8.72132
8.68845 8.46864
9.47833 3.08719
10.8135 10.3155
10.9651 3.9759
3.4772 8.7726
9.08256 3.00889
6.21566 7.45952
5.65132 7.81277
5.01145 6.87066
8.30422 3.40961
0.208567 3.63353
4.7042 7.13935
2.79444 4.73672
11.52 11.9316
4.40942 9.16303
5.24574 6.70612
0.776929 7.44804
5.84781 7.21615
4.0199 10.8427
0.853262 2.54688
5.81743 7.37622
6.99274 11.8515
11.6046 4.3982
5.95642 7.06481
2.41833 5.66967
5.78803 6.53162
7.16432 12.4794
8.18962 10.7769
6.46449 3.35364
9.09763 8.81118
11.5598 4.12041
2.62374 8.22869
8.59452 11.7237
0.784003 3.57388
6.33386 2.14658
6.73145 2.95383
1.91267 0.0435441
5.17947 0.557236
11.851 4.48621
5.81891 7.6477
2.47016 4.77354
11.2911 0.442517
3.85919 11.3321
9.57864 2.73415
7.06882 3.94466
6.82733 11.4191
0.0124974 0.222061
3.95242 12.1484
5.35282 6.14947
1.02536 8.70768
2.83825 3.43331
11.8607 12.2582
1.72279 4.18425
11.9935 11.8416
0.676832 1.54418
5.24841 3.53927
10.2185 9.21273
2.57346 5.44915
8.78238 3.90276
12.3023 0.0924587
3.03825 9.15464
5.94718 7.2356
7.28135 11.5564
5.35635 1.29393
12.4198 0.69875
12.3844 6.85385
0.313327 1.1223
2.82515 4.21071
4.88235 3.84592
11.5702 7.96803
11.2771 8.94104
9.53505 9.53738
0.618736 2.59329
5.135 9.18121
0.758341 0.731016
11.3666 12.1311
4.4717 7.30539
11.7871 3.59483
7.29235 10.8857
2.48313 5.07228
0.335942 2.766
0.459691 7.5252
2.21012 5.62718
3.71445 11.6008
9.32533 2.46639
11.3286 0.00637842
11.4475 8.91283
11.6974 4.34523
10.4472 8.10005
4.71569 10.4635
0.248497 0.503196
6.17105 0.28355
12.3082 4.24261
9.69979 8.01328
7.51832 12.0136
0.769459 3.53812
4.64007 10.787
12.1043 12.1358
5.07049 6.81269
10.6586 6.90805
6.53095 11.8618
9.04263 6.9379
0.820094 1.23705
0.115787 9.06224
8.2858 11.3617
10.6069 6.7729
7.39954 12.2911
11.8227 7.27576
1.19911 3.14561
12.0393 12.2318
2.27825 11.9676
7.94194 10.8188
1.18793 8.08525
0.827647 7.46738
9.76596 7.96867
3.08968 9.22079
7.82319 7.62969
2.91046 8.86938
8.40687 10.8535
9.49204 8.18857
10.5362 0.104746
7.74518 7.02387
9.77713 3.20754
2.37329 3.95898
6.89899 11.6548
1.82714 0.120184
9.72771 2.47903
12.0496 12.1304
5.56868 5.91663
4.87798 6.66158
11.8161 6.58333
7.87938 11.9442
5.15005 6.55353
11.2673 8.96207
0.433493 2.83887
6.15347 7.57836
0.354254 2.9387
10.0311 3.20827
7.94084 8.06167
6.28645 2.95257
0.59857 0.174969
12.0931 4.72546
6.27242 1.8184
4.74745 0.682119
0.119507 1.93104
10.7155 10.3019
10.0431 2.32922
4.32206 7.40954
8.469 6.7617
9.64004 1.67752
11.4159 6.74303
0.440802 7.63075
5.19826 3.66723
2.27509 4.09058
11.9325 12.4667
1.95387 9.83578
1.14639 8.22767
2.57835 5.46306
10.8451 7.87418
7.10555 11.0305
11.9162 4.01225
8.50363 7.35356
7.05914 11.268
0.480864 8.05717
0.55187 7.50956
2.52535 5.66764
11.4055 0.616583
3.90946 12.3111
8.3107 7.8307
9.61024 3.58421
8.6291 9.2144
11.7389 12.284
7.46084 11.3162
1.96884 12.4883
8.46772 12.0701
2.50792 6.29162
10.415 7.18951
1.85124 12.1071
0.25151 2.18378
4.72603 11.4006
3.41025 9.9179
2.64451 12.294
9.64797 3.58865
10.5495 7.60847
6.83394 10.7865
4.87943 10.277
8.34431 6.50288
0.503052 8.13137
10.5263 6.83525
0.979542 4.03576
0.211294 0.97742
12.2325 0.119941
5.1448 3.55724
5.60333 9.43995
2.85564 4.1633
2.31412 9.76539
2.8961 2.35144
5.66856 3.1547
4.7745 8.95638
6.183 1.86557
6.2184 6.74537
3.55154 9.18396
2.29378 7.21754
2.24334 9.12692
6.96082 0.175449
2.18791 4.88333
3.00561 3.57395
3.94719 9.05646
8.62257 7.69756
2.69795 9.60664
5.15313 5.9777
11.4757 3.58768
5.05886 9.45298
2.38555 4.68649
2.51912 12.0379
2.20374 3.29032
3.58633 8.41037
4.92881 3.42189
6.72084 0.682027
2.64061 4.84982
8.471 2.72324
6.75397 0.826725
4.6199 6.09478
11.9744 3.51961
6.58701 10.9965
0.0199611 9.06004
0.28712 1.5836
0.378994 3.34291
3.81587 11.7868
11.5149 8.09802
5.35762 7.41221
2.63314 9.3682
5.75172 7.69584
8.19045 3.19876
3.71653 11.5261
9.33256 2.45577
12.349 7.19833
5.16579 7.58899
1.21242 0.242724
5.89316 2.26444
1.25454 3.73026
5.3533 6.30962
5.28077 9.00226
10.5894 8.1441
8.86637 7.9058
0.521325 8.94832
2.53261 12.1768
12.0346 4.91679
0.545935 2.91513
2.61606 10.2539
6.83879 0.380332
4.06755 11.4454
1.70338 4.79171
5.39448 8.97471
8.57722 8.06642
2.7533 8.70357
5.82946 6.08538
3.33189 8.17535
9.63253 8.27309
10.0469 3.38622
6.63607 1.45324
11.2553 3.97282
12.1071 7.25106
11.3868 3.54564
12.4001 0.68562
8.02888 3.42107
5.4089 0.562459
8.95203 8.32501
0.739554 1.64834
7.38195 11.5827
8.88697 7.96145
11.8517 12.4937
11.8393 7.60437
7.10024 10.6875
12.1132 7.17207
6.76689 0.380939
11.4322 12.426
3.53577 5.84126
9.92618 2.52652
5.01586 7.66098
7.67342 11.5398
11.2233 3.4826
11.2732 7.56458
0.439321 0.929503
6.34721 2.37942
9.03986 9.28339
8.30202 2.66513
4.73959 6.12312
2.18007 5.18861
0.400887 2.14757
6.58637 1.06788
2.76682 3.55367
6.41394 3.61102
2.48252 4.19987
9.69606 3.44242
11.6677 3.65424
8.18788 3.28008
5.45283 7.45728
0.537446 3.33434
4.37007 7.32043
5.21304 6.68892
3.05025 2.94447
2.61663 9.1833
4.16545 0.106203
5.00031 9.71438
9.99019 3.54491
6.16294 3.96995
4.5733 9.92051
3.53935 8.47881
11.646 9.00116
1.80468 3.82703
3.30071 12.1956
5.68539 6.40145
8.6355 2.80232
5.91629 0.450164
4.48417 10.9111
6.86935 3.75402
0.544518 0.689947
11.3399 11.132
8.69909 7.34055
6.66269 1.09069
11.8217 7.30656
11.0787 8.56841
4.9939 6.32253
4.48621 0.459485
5.60289 0.490366
9.0543 2.75967
6.81187 1.12709
3.73217 11.9364
9.85877 12.0969
0.237492 3.71999
8.16722 8.23374
8.11564 8.67453
5.71266 3.63455
1.91614 5.26856
9.01151 4.04044
6.90092 0.436854
8.3126 3.03376
8.91118 9.51631
1.32221 3.36507
4.6191 11.8299
11.0506 8.59177
12.0938 0.704552
1.68461 11.8477
6.74925 3.43834
0.911617 3.88573
12.4012 4.27282
5.0529 6.33181
6.7137 11.802
2.62063 8.77362
8.63778 12.3351
5.63319 6.53533
5.25176 0.850082
9.82447 3.43661
5.31935 5.95117
11.8977 3.63515
9.23085 1.92763
8.34518 8.81005
7.11114 2.75609
8.71069 2.57108
4.87667 9.84735
5.41988 6.05715
0.496816 8.70361
10.2769 3.38638
11.3069 8.93312
7.72602 3.71908
0.551701 7.80796
9.57324 6.8679
0.653636 1.11183
11.9978 1.09109
6.47242 3.13473
3.28242 3.80162
9.93365 3.60365
0.0626133 11.896
9.00443 9.34683
0.613323 0.201329
9.86584 8.85685
5.44023 7.04079
11.2434 8.47928
5.46614 7.97421
3.08549 9.06629
5.06948 8.67019
12.3665 9.20854
5.61865 3.70711
3.42311 12.3588
12.1704 3.12478
12.1384 0.0706053
9.27808 3.69763
12.158 0.164498
9.33131 3.61154
11.7006 3.65551
0.199376 8.77489
10.988 7.15633
0.255861 3.22282
12.0689 3.51549
9.67282 7.0279
12.2464 3.57065
9.92826 1.72834
9.83511 8.19544
6.16508 2.98025
12.4842 3.18693
9.21067 2.65935
3.42661 3.85166
6.7896 3.56671
0.175511 0.787921
1.33349 4.26055
6.81901 0.445055
11.7796 0.779423
2.74965 10.3178
2.79771 8.88654
4.77297 12.0662
7.64034 11.4825
5.89982 2.21968
8.75968 2.63777
0.366135 9.05737
11.5954 7.48923
9.66237 2.31918
11.3245 9.03571
9.73071 7.51709
9.19369 1.98081
5.14143 3.89245
5.1829 0.779035
5.50493 6.05105
6.82388 0.672293
0.982527 3.24329
12.0986 3.14766
7.49498 7.49615
11.1038 1.49761
9.97658 11.8432
8.44133 2.49726
6.57488 11.3811
7.84993 7.50517
9.07873 2.75065
0.317652 0.261627
6.75628 1.04777
7.41154 11.0294
5.08141 9.69961
9.07171 8.00716
6.23201 1.67834
2.30349 9.75016
3.29791 8.33914
2.38209 4.23756
8.65592 8.04435
2.47803 3.10433
5.79293 6.31462
8.25063 10.9611
10.8405 7.36825
9.02351 2.67724
4.92566 6.64241
5.75582 7.3116
9.61108 1.78086
5.73423 3.0742
5.81212 3.53632
5.61912 3.44668
11.9441 11.8073
0.753767 8.42467
3.99032 9.61161
11.8632 4.10601
2.81412 4.47658
5.5461 6.28062
6.93675 12.1986
10.1629 2.56019
7.77153 3.56204
12.1169 7.05924
0.345142 0.263406
5.14196 7.16083
5.4149 3.0759
2.73019 9.49729
4.84896 10.032
7.65598 11.1301
3.93807 2.22097
7.99601 7.66175
11.9046 12.4153
2.78818 4.85295
5.42937 3.48384
11.4798 6.8099
0.0404816 2.23376
8.70939 6.91116
9.43338 2.78477
1.40488 3.46184
8.7864 11.9995
0.637946 0.293912
0.887208 7.70732
3.89983 11.6121
2.07242 9.75232
11.4876 7.26796
11.3118 6.71229
2.60629 7.57713
1.08948 8.11713
8.27836 6.56963
12.1387 3.7927
0.592147 3.6988
8.06641 11.4549
3.39771 8.73632
8.08913 8.52482
10.2338 8.18558
8.28725 11.529
8.43631 11.6771
1.21167 1.03868
2.17557 4.22825
10.1389 2.7639
6.36312 1.41298
10.7829 7.28019
8.7567 11.9755
2.83176 9.54696
8.84999 2.29911
1.32828 3.61661
12.0033 7.82251
4.94955 3.61896
7.35988 3.62222
9.23939 3.85206
8.41619 2.10554
8.93087 3.7302
2.85224 3.87962
7.93149 3.54266
7.58737 10.8603
1.17068 4.39144
0.612133 8.35746
7.29265 2.83222
7.40866 11.3268
4.77455 0.00610118
2.43711 3.75848
10.6572 6.74605
6.9427 11.9241
5.05378 6.4631
10.0179 2.90219
7.86957 8.76372
12.1131 11.5013
1.46729 3.43335
4.71669 7.71078
11.1704 4.4376
5.93623 0.625875
12.1726 6.76133
5.48697 0.342814
2.73861 9.3815
0.816401 7.75508
8.05898 12.2157
6.40293 6.49537
6.92096 3.93344
2.12056 12.3466
2.51543 5.92181
12.0409 6.92115
4.60205 3.92896
11.7309 11.8297
5.08363 7.86649
0.826954 8.03953
3.3439 9.67512
5.14836 7.71635
5.48548 8.73969
6.90121 10.558
6.48351 2.59106
7.48652 4.00615
10.7997 5.82482
0.785559 1.35959
2.96855 8.72239
1.04284 4.28415
7.96268 11.0085
0.78063 8.47733
2.52275 3.09161
5.462 3.68191
1.4703 0.857932
6.35864 1.45142
7.53332 2.89994
3.0067 9.1953
11.8878 9.15072
8.38469 6.37676
10.8961 7.30978
6.32487 0.304786
1.15926 1.14111
4.17827 12.089
11.8575 11.8744
0.459873 7.32183
4.59482 11.4141
4.20944 10.9908
12.3778 3.56639
0.369921 8.84975
12.1283 4.68263
7.59271 7.47011
5.74672 3.49123
0.734689 7.74459
0.112052 3.83897
1.75386 3.20551
0.0725575 4.24981
6.76523 0.29404
1.88501 12.2768
2.06658 2.9078
8.66068 3.29654
3.82104 10.6382
7.4961 11.7408
11.8944 4.58577
8.26434 7.02223
0.53377 3.46455
5.41352 6.44461
12.4482 8.57209
6.10337 3.87201
11.3381 4.60192
4.65864 11.2898
1.06781 3.88313
5.04084 3.75095
4.81162 10.7594
2.51031 3.78362
7.7648 11.1098
9.62026 2.01026
9.24074 7.77117
1.48819 5.01287
0.843452 0.422081
4.55003 6.56114
4.69373 0.562462
1.34373 4.06706
11.8699 3.52237
12.4519 0.925661
12.4882 3.25326
11.1009 7.02945
4.27781 11.4639
2.90491 3.69801
10.6609 9.19873
2.56089 8.65139
0.227615 7.84554
11.9995 12.4334
1.03107 0.551144
10.2716 1.77879
0.120608 0.501197
9.58316 7.03615
11.9193 3.99272
0.597583 7.70989
10.6168 8.17716
5.53548 8.62739
0.558873 8.66656
5.34782 9.3495
2.65391 9.02741
12.1514 7.36654
9.06208 4.13266
1.59165 0.279822
9.1117 2.85583
11.6783 4.47317
10.1936 2.21127
3.72978 8.74858
4.88072 7.9342
8.95979 2.23374
8.43695 6.2766
8.41323 3.51748
10.6337 7.4827
1.09667 0.192343
8.35726 8.40374
10.8873 6.66522
3.51707 8.62643
11.5254 4.54095
7.0579 3.25007
9.5411 8.06579
7.25596 12.4056
11.6811 0.497102
11.0002 8.24032
0.225481 3.27125
12.2285 0.355101
2.32132 4.94262
11.8679 4.07164
5.67922 0.849586
5.32254 6.97881
0.429761 7.96522
11.3037 8.54776
3.19521 9.61865
3.27622 12.3328
11.4964 12.1545
8.21045 2.92876
8.35728 4.27327
7.38049 11.8916
4.4061 0.267503
5.99868 2.41166
3.13877 2.10434
8.10847 11.428
7.08359 11.1547
2.0762 11.8315
10.5045 9.1853
10.6352 8.33822
1.98293 3.27251
4.78832 3.34446
0.260301 1.42319
3.55389 9.4278
5.74884 9.25701
12.0131 11.8705
7.70173 8.09117
11.9676 4.00487
1.90198 8.62306
2.45426 4.70636
2.47352 5.65689
8.51883 11.5855
11.7956 3.84325
11.5212 3.24925
8.66495 12.0029
1.46068 12.0392
8.04846 11.3407
9.33495 3.22715
11.7475 0.0515143
4.91532 1.38347
6.67073 11.1523
2.21951 3.65541
4.7262 3.96496
8.9304 4.16215
2.31344 5.74348
4.82041 3.66035
2.60754 9.25767
1.46509 12.1199
9.53573 2.33646
0.586095 8.14816
5.62678 9.2334
8.26743 12.461
0.585251 1.76235
1.19058 3.68655
5.34783 8.73895
8.50705 11.1907
6.35427 3.11208
11.3642 8.91421
11.328 7.78457
5.41878 7.61317
6.51559 0.952971
9.37605 8.97064
10.5042 7.69617
2.41683 9.33933
1.15644 0.106529
12.479 4.04485
11.6612 0.320784
1.72191 5.03581
1.85251 5.01481
9.58843 9.45168
8.22292 4.18066
6.83978 11.3752
7.0209 0.160303
2.56904 10.16
4.56871 10.0012
5.50866 8.02286
7.8686 11.1607
10.6909 11.4901
8.47553 7.03657
11.1315 7.51302
4.20533 3.35838
10.5932 8.08008
11.6891 3.81784
2.89191 2.00721
4.76279 3.24931
2.24219 12.4106
3.35776 8.60496
3.55261 9.94602
4.27321 9.52209
5.95676 7.32835
0.41361 2.19944
3.12574 8.72235
2.87424 8.42602
4.88844 0.64484
1.95808 3.55175
0.206845 3.33486
8.96304 7.51547
4.10258 12.3971
11.4401 0.808041
8.71048 11.7627
4.70591 3.84628
11.1109 8.21987
0.578296 8.96934
4.2168 11.106
3.39227 8.99974
4.03391 10.1592
2.43898 8.88744
2.89357 4.39435
1.22278 3.17996
1.93736 6.09677
4.25424 12.196
6.92562 11.2173
2.0785 3.12439
5.00428 6.89723
5.7568 1.00314
5.6562 6.07672
2.35624 11.8729
7.42537 12.1849
11.4803 3.48365
0.150183 3.01689
4.29588 12.2936
10.9183 6.6
10.2307 2.84184
5.34786 6.36978
2.77562 9.88856
1.0309 0.702453
10.3425 7.20901
1.21045 3.60234
7.70515 7.42395
6.07053 7.60542
7.44308 11.0603
3.33442 3.31092
2.93215 4.5176
5.18885 10.3701
2.35286 5.81781
9.95741 3.4613
1.74582 3.37208
0.942177 0.226062
7.23646 10.648
5.7611 0.79401
6.17751 1.77497
0.581188 1.5887
2.56369 9.22287
1.32217 11.5302
5.33983 0.507451
4.92482 6.52258
3.35091 8.62083
10.0493 3.08393
8.12667 7.52579
8.46631 7.22614
1.14561 12.0369
0.262043 9.18345
4.60769 3.3846
1.85197 12.2153
9.27408 8.07378
5.16691 0.914263
5.35518 3.97078
4.89578 3.93205
9.06906 7.07636
4.78748 7.78618
0.302554 7.68248
12.1343 7.78685
8.31688 7.84578
5.012 10.2807
6.92131 10.8864
11.3496 8.46173
10.2717 2.51292
11.7993 3.52239
8.07794 10.6661
4.09398 8.98513
11.9633 4.06841
5.75037 0.0750185
12.1928 12.144
5.8028 7.25797
2.07958 4.83445
1.99023 5.45401
3.2925 8.96535
7.42781 10.6623
4.60405 6.93125
3.85251 9.88068
1.21555 11.161
11.3232 0.557907
11.7528 4.34176
3.15954 12.3168
3.04105 8.91792
1.81184 5.36528
8.67331 7.98808
12.2338 5.56601
7.60005 7.83656
2.31398 12.4802
5.22325 6.11002
6.84005 0.00987605
8.26519 9.07975
12.3351 0.648657
2.82474 4.9903
1.57883 12.1043
3.7724 8.94354
0.523828 2.76621
1.40456 12.0706
8.76559 7.22333
10.405 7.41902
1.71375 4.25456
6.41509 2.49068
10.4061 8.52027
0.484859 4.60733
11.7066 12.2409
7.49299 11.7437
5.79168 6.19291
4.52218 4.44959
7.92587 8.45886
11.6072 12.261
4.37353 11.6824
2.97559 4.08139
3.74955 10.059
11.9177 3.68112
8.52969 3.60726
4.00453 12.008
0.991252 12.1612
0.226171 8.76692
5.47858 8.37842
0.862944 1.44357
1.26222 0.553582
10.0372 7.58034
4.83516 9.65494
4.65391 12.4615
3.06894 9.4791
6.89008 0.619135
5.70027 1.52151
3.66144 8.85966
1.45186 3.6374
1.5638 12.3494
11.5634 7.15694
9.13435 3.07178
2.51506 4.41788
0.324118 7.12359
2.91362 9.57803
12.0007 0.28236
11.7281 4.1463
11.6793 9.03714
8.94859 3.8
5.33942 6.94713
5.147 7.60229
4.97946 9.70246
1.7514 0.011671
6.17049 3.1323
12.3328 2.31442
5.20577 6.24181
2.23748 4.36199
5.0427 3.54687
0.0914953 1.70982
8.80167 9.17745
6.17868 7.02408
6.67715 12.1221
8.76352 7.36081
4.6467 6.75405
7.43456 10.8286
10.1327 8.05963
1.60367 3.68265
6.17574 10.6802
4.01384 8.64528
2.13667 9.06203
7.04884 3.18449
9.32292 3.65781
5.40926 7.99512
0.357335 7.21172
12.0912 4.40251
6.76708 1.10427
5.69171 6.83328
4.125 11.5863
9.06125 11.9819
3.25102 8.92231
10.5582 7.17745
0.257922 4.27602
2.52146 3.53252
8.72701 8.60811
4.19025 2.6671
8.3642 3.7672
2.84848 3.33863
1.26717 0.357466
4.59515 3.48324
1.40217 0.215186
11.8272 7.25447
4.81011 7.98891
9.15309 7.40673
0.867666 0.107472
8.45871 8.3256
12.1531 12.1409
5.23083 0.67512
2.14904 12.1653
4.56331 7.20945
8.27286 8.52486
12.2657 11.954
3.1868 3.44737
5.60394 8.73882
9.57994 3.69347
0.746066 8.18226
11.136 0.0596062
7.71384 3.21856
1.76999 12.0048
2.9525 9.0755
8.34707 11.9648
10.0039 2.50301
2.67314 3.71197
5.27074 6.2237
6.75368 1.13811
3.71542 10.6265
4.53793 7.51663
7.88358 8.60136
4.08751 0.0704493
9.29162 3.10783
0.0572145 2.77407
6.00603 6.36624
11.786 6.83553
5.37641 0.217164
11.0804 6.88354
7.14473 10.7113
10.3921 7.13979
5.39022 0.94979
5.30062 8.19035
1.90547 3.84921
5.22865 9.54888
5.64423 6.62036
2.2503 9.67453
1.37059 12.2574
2.02569 5.39386
5.37327 4.23867
7.72226 11.3578
1.54631 3.92444
8.43651 6.52033
11.5676 6.98533
5.06766 7.4425
8.77035 8.58974
11.7597 0.0995525
8.84157 6.83583
4.85057 8.86358
6.40922 2.79947
5.40794 6.61048
4.64016 9.53853
4.64695 11.2299
3.79672 9.97609
1.10789 8.59634
6.16376 0.916612
8.90626 7.41833
1.72469 4.21676
6.60805 3.9501
8.66399 11.7045
3.87111 10.0869
2.02058 5.97761
9.74952 3.98645
8.07685 7.09741
5.22879 9.91676
1.02595 4.58823
0.14346 3.00143
1.96632 3.38254
11.6774 7.26464
2.58574 5.8571
12.2962 12.2327
2.1821 5.93485
3.69123 8.65519
6.93688 11.5127
9.83371 0.287137
9.17927 9.51128
9.8065 2.47276
0.441688 8.32495
6.34779 0.978716
0.590004 10.0448
12.0938 7.1181
0.726739 8.11609
1.75034 11.8085
2.5432 8.82061
12.0353 0.36445
7.12318 12.2601
6.39458 2.47701
6.33669 2.79748
11.2512 4.10083
0.201561 0.434228
8.37571 3.93898
7.91129 11.6271
5.24824 4.3294
11.7613 3.69727
11.1186 4.19082
5.50695 6.32751
9.48536 1.85273
8.56974 8.99899
8.17769 7.27845
0.0884593 7.82167
2.42499 8.2781
5.15255 9.25883
7.24128 12.1139
12.4379 11.8733
12.3788 8.96832
12.3703 3.20527
0.983577 3.64538
1.85315 3.98558
11.7642 7.09748
1.93555 12.0606
3.67594 9.69754
0.53604 0.0228582
5.58455 0.683214
11.8463 7.11231
2.57379 12.2228
2.71464 3.7472
6.20008 3.12061
2.49684 9.67748
10.1636 3.62592
6.41977 0.518388
3.32473 9.63342
0.260101 7.24604
11.8781 0.789897
6.04872 6.28158
12.0351 12.4144
0.310554 1.89854
12.2867 7.6616
5.86057 6.63168
1.32449 12.4786
2.86221 9.22489
10.737 9.39807
3.17005 10.1799
0.382166 7.7221
5.50958 8.38188
5.53972 6.06713
11.8238 6.73237
4.43858 11.7467
8.50411 3.86717
2.30258 5.78343
4.84576 4.99525
11.9346 8.70636
1.45036 0.206712
2.05507 5.82712
4.87713 11.2166
2.1694 10.1184
2.99655 7.95097
3.20335 9.13958
1.60199 4.65812
6.408 0.645904
6.15406 3.24755
11.2194 0.395476
11.6253 3.86768
8.27389 7.72022
2.63083 5.39271
8.23638 9.02669
8.0978 2.93606
3.77504 8.96459
7.12493 3.36939
4.33534 10.9362
8.95386 7.51586
11.4529 8.36537
4.09429 12.1673
3.13843 10.2766
9.93165 1.37442
2.40785 4.86846
6.90322 3.72536
5.16291 7.25096
10.7677 8.77594
11.3868 7.29472
4.14211 9.54181
5.68918 3.67223
0.338183 9.00662
3.95989 9.39356
0.284973 3.98214
0.221615 4.60814
7.73606 11.1469
6.54175 3.19189
5.12085 0.830678
6.80675 1.01437
4.76163 3.78983
6.96657 2.72693
3.2979 8.90061
9.78413 2.72676
8.05536 10.5245
11.7445 4.16588
12.3411 12.1936
0.895121 4.22182
2.21953 4.37153
3.11573 10.179
10.5607 6.68359
10.6791 8.39419
5.85222 7.5515
8.83626 4.14591
9.65008 2.56353
6.85684 3.38024
11.9538 4.68423
6.06755 0.872348
0.351673 7.57859
0.446411 8.92092
4.83215 3.75014
11.4439 8.16964
4.44445 0.167837
0.916442 7.64312
7.85046 7.80094
2.58658 12.3619
8.12553 2.97348
6.4621 0.181599
5.39317 5.56461
8.75399 9.33036
11.9385 0.722662
3.3344 9.64192
0.640715 8.21327
5.79083 6.59099
0.111134 2.796
8.67215 6.52411
2.05848 4.78786
10.3039 7.75419
1.88619 3.56852
9.76525 8.82177
5.02121 3.15514
11.275 2.73622
10.3725 7.25219
5.94461 0.848766
4.31639 7.08794
7.63451 11.3831
3.40758 7.39965
5.97101 2.76178
0.478051 7.61317
1.22647 3.90703
12.3478 7.14277
12.3795 3.38567
3.16498 4.34571
5.81688 7.75385
11.4941 8.28432
9.76086 10.2148
9.69206 8.97932
4.94305 8.90466
11.6142 4.09228
11.8069 8.83918
9.32284 7.19307
11.7964 4.60152
5.61533 8.55285
8.1291 12.4319
7.24149 11.5585
4.40826 11.7323
7.69526 7.03625
12.1 12.0386
10.3375 8.7111
12.3336 1.10097
7.65157 10.7708
0.854972 4.35669
7.75225 3.68534
7.52191 3.15038
8.14112 7.86159
0.196 7.17676
9.28905 8.41045
3.21735 3.65876
6.69304 11.6365
0.878158 2.52099
4.51478 9.73063
8.12777 12.3387
0.776764 2.83753
3.12482 8.24812
0.311005 8.30285
5.46609 3.26064
7.38299 3.43406
11.3165 7.37985
1.18629 0.463789
2.88546 4.30419
3.82455 9.16219
0.112721 0.171455
9.57039 2.83007
4.96871 9.96211
1.9368 5.31389
0.427489 0.578503
2.2067 3.68384
8.10717 2.95876
8.64927 2.45312
11.099 3.84648
7.69357 7.88831
2.26621 3.58991
8.68269 9.31025
12.4914 6.83592
2.93216 5.11592
5.37067 9.18379
8.99446 3.11456
1.79914 12.2803
12.2433 12.2487
12.3678 0.67014
2.31918 5.01965
5.0687 6.41357
12.1829 3.61152
1.28837 2.62388
7.58412 3.1016
0.363588 0.20599
7.49732 11.7443
5.82973 2.9948
2.71182 6.0102
3.80911 10.9257
7.58955 2.73461
5.03835 4.06309
5.03064 3.91086
8.66095 8.24966
0.794281 8.52187
12.0719 9.27157
0.11833 0.0485695
4.89564 6.95139
3.82002 9.88766
7.24405 2.93685
4.68927 3.90624
4.84548 3.87556
12.0136 1.09246
5.26032 8.25882
3.88067 12.2961
3.25478 4.08291
11.3246 4.23688
12.1851 0.230628
12.3375 7.23861
8.04775 8.23171
12.4949 0.665416
10.4611 6.85932
5.6844 2.74177
7.56207 10.8756
8.22574 12.3946
10.7332 6.7723
4.51888 3.83943
8.65645 7.29728
4.7816 6.37375
5.46439 1.03735
6.53905 1.92985
1.85511 4.96762
1.1374 0.110935
8.04779 7.88058
8.30858 2.67478
2.06503 12.1197
9.49825 7.45613
5.68511 8.32308
0.252076 7.56701
5.7838 4.09785
2.5626 3.56923
6.52453 3.71905
0.806851 7.75845
10.7253 8.33229
3.06921 0.706462
9.6365 2.95185
5.96874 3.58942
10.9055 2.8241
8.89141 2.65282
9.62214 3.6706
7.22582 3.67123
12.2613 3.41703
8.94828 8.33852
3.1234 12.4268
8.37651 8.11413
0.189702 3.04385
4.03255 10.2159
11.6328 4.06244
1.55178 3.04486
12.4952 4.4258
11.5199 8.63081
7.3091 2.87618
3.79632 9.30763
7.65914 10.7191
10.1462 2.91207
2.69324 4.03525
7.70367 3.26497
4.27539 9.56487
6.61233 3.67038
2.44084 12.0909
9.57795 2.06885
8.7035 12.2651
9.95997 3.76863
12.2316 7.39557
12.2173 12.2083
8.60852 11.3074
8.69587 11.7509
1.75329 4.48383
0.216719 7.61596
1.89505 5.35076
4.66031 10.5142
5.63286 8.46773
0.499047 1.80123
7.55782 7.5638
8.70719 6.83493
10.4693 9.01264
2.31894 4.05425
4.68896 3.96725
2.94552 4.03878
2.25131 5.49466
7.86789 11.64
0.890581 4.41543
5.86179 6.77336
2.23525 4.35976
0.537329 7.53306
8.62691 6.50765
6.09833 3.6729
8.47734 4.15603
11.8028 12.2687
7.1397 11.6692
8.00855 11.1381
4.35246 6.8326
10.5343 7.38791
8.48406 8.3047
4.65798 0.779588
12.1062 8.47237
5.56212 3.60146
11.8174 4.07143
12.3036 12.175
7.02421 11.5053
6.18211 2.82018
7.76332 10.9734
4.98234 9.69759
0.61666 8.49561
8.39701 3.52341
5.23012 10.1862
7.5484 11.5177
8.67828 8.91588
3.89313 2.33451
8.65634 2.78723
11.4834 9.12235
11.7628 8.77208
2.90454 5.3616
3.85205 8.68485
1.22296 0.131696
7.32406 3.43018
8.94907 1.78522
1.86133 12.0508
12.1241 3.94958
0.555766 3.88256
1.27875 0.866054
12.3139 3.29206
9.39113 7.39285
10.2609 1.30914
9.73922 1.64833
2.15447 11.8559
6.41205 1.15284
1.59536 3.61178
5.36221 3.79727
7.60083 4.04629
1.46531 0.154383
6.91389 11.1742
11.1925 7.5238
3.25755 9.20861
4.55205 7.4558
3.71953 10.9991
1.46632 10.9387
3.81518 11.5932
4.88312 8.63946
2.15503 10.4528
2.78469 10.241
5.61432 0.228421
0.62665 0.226257
7.81802 3.89668
3.00342 8.16729
0.592639 0.260917
11.5546 0.26593
7.06678 11.481
10.6239 1.55675
5.62147 6.10563
5.28282 6.08144
10.1791 3.61695
0.568446 1.8309
11.9878 4.30697
0.542926 4.10887
4.20797 10.6664
0.581371 9.06112
11.9793 7.00319
6.32875 6.68184
5.31361 6.765
3.34725 8.73302
8.21661 7.76104
8.47877 7.51097
8.65585 11.562
8.91303 4.05021
12.2645 12.4674
8.09353 7.93737
8.47065 4.19689
9.85958 9.51626
8.2295 7.23872
5.34988 3.84727
6.91728 1.06767
5.01617 3.88371
6.39558 0.365531
5.86319 0.791771
5.35896 7.94832
4.30235 11.7169
5.37814 9.97259
2.50555 4.13221
12.2627 11.0677
11.8435 12.2725
10.9109 6.89552
10.1776 2.40337
12.0331 3.5806
4.09094 9.06526
5.69489 6.57876
2.05215 0.0517561
7.94746 10.7531
4.79099 10.0535
10.211 3.12116
5.75288 1.38249
5.5379 6.02383
8.22743 8.89246
11.451 8.69626
1.99439 4.64539
9.75081 3.29847
10.4433 0.526098
8.86259 9.47738
8.49589 11.783
7.00201 3.21427
2.58317 9.04661
12.4309 7.05992
4.97037 6.54759
11.3527 8.45949
7.79138 11.5653
10.8613 9.24526
8.04699 8.7169
3.98847 10.682
10.7735 7.23541
11.7486 4.38845
7.44419 4.11509
2.82566 8.26186
1.06592 0.852941
4.171 10.7043
4.58235 6.14496
2.43781 12.2371
6.43404 1.20352
6.61532 10.95
5.37321 0.210445
0.996394 7.52538
6.39094 3.4918
0.912687 3.52236
1.31884 4.16654
5.94347 6.98185
0.95314 3.55029
6.83736 11.1075
7.33423 10.6253
6.01814 6.79681
8.40178 11.4896
11.5493 9.30101
9.76109 3.60539
4.16845 10.5406
6.01374 0.475982
0.489074 7.64244
10.1365 0.289804
6.95972 11.6851
8.91675 9.51218
7.63179 12.2381
6.81147 3.29008
2.58314 9.61244
0.9188 1.277
8.02787 4.30399
11.7428 8.72619
9.28864 1.60693
9.41108 2.73233
11.519 0.314925
8.18511 12.0976
1.12542 7.96448
3.00683 9.54197
8.89017 7.79254
7.48397 4.10217
9.48883 2.42621
5.41462 8.14327
8.38923 12.2817
5.21802 3.47266
5.44386 3.08418
12.406 11.5506
4.61494 6.77648
4.61222 6.29401
1.03768 1.2995
3.24643 8.78883
4.93304 7.50898
12.0363 7.30145
11.2752 8.24472
10.9121 6.76245
2.87006 4.60909
8.17698 12.0605
2.58076 3.90274
4.33691 0.34833
9.6924 2.39171
4.51858 10.7676
11.1378 9.29354
12.4097 4.58692
8.21593 3.08843
2.30713 9.76151
1.90033 3.97896
0.520835 2.71075
0.955495 1.57326
5.62912 9.22151
5.97143 0.873252
5.80244 3.4729
1.45199 0.314707
12.3323 9.13775
5.57852 6.65691
5.00192 0.132108
8.00148 11.0196
1.50796 0.642201
8.44123 7.01108
8.07094 11.0667
8.21578 7.77287
0.944343 8.15677
12.0225 8.49396
0.423507 8.42726
9.55158 9.27397
1.47347 0.126069
8.22172 11.2881
2.05952 9.85207
2.31501 4.80565
11.1718 4.42121
5.32004 7.81438
11.534 3.24646
6.953 11.0439
8.93611 7.56283
3.10148 9.30199
10.2161 2.99261
1.03396 7.551
0.994489 0.280817
3.08044 4.72891
11.7956 8.41449
0.157704 2.94603
8.37905 9.0039
6.58547 11.2042
9.06775 2.83667
0.0708015 0.229739
2.16827 4.74342
8.61647 7.46664
6.35766 2.88574
0.604027 8.36148
9.05592 3.90495
3.18135 4.0491
1.77079 0.0937968
1.9557 5.61267
4.87107 11.6008
5.70898 8.56564
5.28886 6.25589
2.7374 6.08335
2.54967 4.46796
12.2449 8.15815
5.59751 3.75141
11.2497 4.23029
4.16652 11.0026
7.82932 7.78081
4.48177 11.956
8.42125 12.4563
8.41965 3.86459
10.1225 7.40824
4.07867 11.9321
8.45885 7.58319
8.76642 7.93055
8.01965 3.50564
4.33798 10.953
11.7683 9.16574
9.30936 5.88076
11.5344 7.49832
0.0247012 4.04844
0.0703501 3.45031
4.11756 11.1995
2.28486 11.2414
4.97286 9.57031
4.85778 9.57377
2.3527 2.89742
5.93442 4.11278
5.11891 8.7484
4.98081 9.32213
2.08358 5.50549
8.95578 2.52262
4.88983 9.79781
7.51305 10.9492
1.91557 9.63287
8.7978 3.40985
4.95868 6.76327
2.36587 9.77897
3.10764 8.66176
7.67789 11.6666
12.1546 0.997784
11.3737 4.38213
1.95717 3.46306
3.33345 8.91491
12.2836 7.00102
5.1144 5.83989
2.82227 7.16848
1.14781 0.530519
11.352 4.39732
3.81089 4.68397
11.5204 7.36194
8.06145 12.187
5.77873 0.834778
8.99462 2.81227
11.7918 8.15032
12.4408 11.7784
7.12727 11.2819
1.84897 2.22193
2.64805 5.78623
3.06289 4.03099
4.77809 5.97166
11.9896 4.83027
0.745167 1.34501
7.33869 2.71528
5.14174 4.04409
4.19368 9.229
5.07676 0.595163
5.99321 2.7736
8.47257 8.84056
3.79609 12.0489
3.25218 8.86045
11.3465 8.33822
6.94645 10.7246
7.23067 11.18
3.29361 9.16754
0.47315 3.59041
6.84642 10.6934
9.77511 8.01583
11.9662 8.35022
7.15921 11.6885
5.00765 7.76324
10.7313 7.30677
1.30668 0.00106453
6.75308 0.982795
4.90746 7.17732
0.344741 7.68622
7.24383 11.1872
6.59931 11.0973
2.3773 6.1127
9.16334 8.05964
0.160416 0.233755
11.6402 0.12718
1.71138 12.4721
6.06415 0.870994
11.6949 3.55905
0.848545 1.09733
4.92299 9.98229
4.26279 12.0246
8.29371 10.807
10.0166 6.80593
9.12871 3.0677
11.9214 11.7366
5.56467 7.09038
4.98044 3.86148
10.689 11.1444
4.93015 6.64373
1.92081 3.54534
0.669722 7.89251
5.47973 6.91589
7.24749 11.2462
3.61937 9.76511
4.62013 8.69487
9.19508 2.28587
11.6779 0.133298
9.74205 2.42121
0.623663 7.6079
7.9199 7.99991
4.95767 7.267
11.9545 4.97098
1.51921 0.348319
5.8682 0.51243
4.61312 3.90723
0.0289162 0.520546
10.8652 7.3779
11.2978 7.25237
4.83058 1.77344
1.40053 0.937911
6.74233 11.6942
2.50396 7.12731
0.348075 4.53246
7.15387 3.28351
12.3026 11.1406
9.38611 4.04687
5.13027 7.13237
0.201018 7.65518
11.3893 6.67559
7.08465 10.5973
0.0557038 7.68465
11.9938 0.122244
5.27657 9.55658
0.131795 2.39566
11.6976 12.1083
2.15739 3.75631
4.3802 10.8102
10.1067 1.06249
10.2892 9.11851
3.06151 8.27672
10.9478 0.0262834
5.22606 6.77629
8.81045 1.15442
3.93744 7.5744
3.00332 8.21058
4.69852 0.706659
2.27992 12.1796
7.94324 11.1022
9.83413 2.94481
5.20811 7.76515
8.92214 4.0499
8.83979 7.29131
11.7478 3.31056
0.176779 0.070165
12.1083 3.57976
10.5955 0.70092
2.13141 12.1701
8.1596 2.49489
11.5824 11.6541
6.95079 3.30141
12.3661 0.817847
7.45792 11.1673
10.6127 8.85498
2.1617 7.20847
1.632 11.7116
3.19833 3.65366
7.83071 7.76901
3.03288 3.29136
4.44599 7.8679
4.47822 10.9347
1.25112 0.648047
2.42884 5.62532
5.69074 6.34101
5.51969 6.37692
2.33398 5.32776
4.85951 12.0116
0.386639 4.00458
9.46109 9.02416
11.9677 12.0616
12.0084 1.00958
4.54489 6.25943
1.41918 4.3562
11.2012 1.5036
5.38451 8.24572
7.12582 12.1286
6.84315 11.5986
8.44071 6.8945
11.3045 9.40767
9.01502 8.83125
5.14068 6.58868
5.40139 11.4241
4.57711 6.89922
1.34759 12.2549
9.76291 3.55601
3.09895 3.46688
7.81775 10.9116
0.669569 2.76755
8.3259 11.368
5.12308 0.146851
4.25466 5.77132
2.47812 3.75042
12.2425 12.4073
3.24626 10.2091
11.4968 4.33923
0.00186207 1.19218
8.6514 6.98086
11.0332 8.9074
7.70115 7.97075
2.90238 4.07856
2.63065 5.43678
3.01985 9.7452
5.21715 9.59245
4.67292 9.99557
6.79921 3.69793
11.6239 11.7456
8.74635 7.19117
2.4909 5.8211
2.39939 9.56202
12.0662 12.3624
5.30406 6.28406
12.2996 3.56458
4.89176 4.25557
10.8007 8.17108
10.5869 1.70098
8.67165 8.32214
3.90159 8.33184
8.32155 6.83709
6.71638 11.8995
12.4906 8.59921
4.61749 11.0933
2.3026 12.151
7.00677 11.4586
4.91421 6.55138
9.22682 1.68218
0.840984 3.26682
1.65879 12.4693
1.91271 0.287646
11.2971 12.1534
3.20081 10.3516
7.7808 7.95366
12.1604 12.1161
10.3722 3.32045
12.375 7.15259
8.82774 6.50535
8.28886 2.76803
12.1464 4.65894
1.96301 7.01793
9.98012 3.48734
8.4749 7.23867
0.478527 0.446575
2.59004 4.28283
4.52919 11.3679
5.15811 8.72626
9.90362 3.60894
7.88502 3.43209
8.76539 9.14907
10.1085 8.22416
4.41503 0.462555
11.7749 0.813229
8.3881 7.94439
7.96587 8.70723
10.7679 9.21867
11.6883 0.520199
3.52214 9.87146
3.65655 8.68389
2.7715 3.87549
5.64813 6.13301
10.5021 9.22198
5.66108 6.8232
10.2495 2.54944
8.40884 3.63681
5.63464 9.68493
0.758858 7.70039
5.44895 4.25555
2.42395 2.19955
5.71909 1.19717
7.75064 11.7427
8.42512 7.08283
12.3478 11.9968
5.93665 8.02376
1.52379 12.2329
6.80332 3.41724
2.25736 12.0699
8.44243 7.37357
11.65 8.3879
11.648 11.9087
2.17125 9.4715
2.84303 8.43046
0.440433 2.00507
4.32414 9.31021
12.1796 9.93184
6.96285 3.24271
1.64028 0.503912
0.406408 0.486856
10.3807 3.14285
7.13305 10.4344
3.36873 8.36903
5.97737 3.14383
4.45659 3.06565
0.132047 2.93847
3.35859 9.62243
5.00735 0.398994
5.47906 6.46211
2.95378 8.79227
6.59162 2.1054
11.8511 11.9561
0.645879 8.93486
2.4211 5.41229
8.50779 6.70951
4.36991 8.95675
3.21703 12.3094
4.91185 6.76036
11.5863 0.0656461
6.07641 1.06496
10.7479 7.4646
1.42646 12.0973
6.70062 1.71565
6.18324 2.09185
8.10541 8.65309
5.99744 0.72657
0.478734 8.37977
8.72316 9.26697
10.2149 1.84252
8.0083 7.63088
2.64596 12.4277
1.28478 11.7999
0.17957 1.36364
6.74303 0.939091
0.515735 7.97107
7.82608 3.3266
1.35353 0.00414922
11.9262 4.73194
8.30715 3.76811
8.22646 6.92604
11.733 9.34592
11.155 8.77217
0.774196 7.51932
4.97242 3.79829
4.85067 12.0791
11.8822 7.65961
6.64682 3.44698
4.3208 11.1731
7.57401 8.04909
7.6271 10.8289
5.724 9.30283
9.22226 3.4996
7.66941 7.44881
9.06511 6.77641
5.21835 4.30632
3.94066 8.97917
12.4189 11.9455
2.1892 9.22595
0.518253 3.19539
9.71129 3.55881
5.08235 6.85543
2.56616 3.70308
8.18651 11.466
3.91412 11.9656
5.45128 6.11055
12.1266 7.1868
4.44792 11.3445
4.74041 10.6643
7.18706 12.0021
11.5786 7.46376
8.68503 2.79863
0.372728 4.62104
5.71762 3.21585
6.91505 3.61653
3.36245 8.44804
11.7425 12.3108
10.1022 3.46552
1.25175 0.0544321
7.28014 11.1621
8.43055 2.78336
3.22708 8.50684
0.162566 4.05366
7.64931 10.4182
9.68115 3.31993
7.83519 6.91414
0.702388 2.35239
10.8686 7.24764
1.9797 5.01872
0.193104 4.04772
10.8824 6.70327
4.79312 11.759
9.70868 3.53426
11.6994 7.43113
2.41776 5.73987
0.592139 0.280787
1.76444 5.07391
5.65959 7.90272
6.04482 0.427067
4.30696 1.41128
1.12772 12.3192
2.39354 9.33196
5.90073 7.04289
10.3086 2.87847
6.12871 7.11161
6.02657 1.1065
12.2153 4.77459
11.6084 3.40406
8.81117 6.91596
7.6056 12.0824
12.1467 3.32906
9.57375 11.6933
3.69209 8.48055
2.60593 4.00746
8.4398 7.88062
0.475542 4.0868
9.32834 3.63116
8.56838 2.18742
0.146319 2.21418
0.576058 1.5831
5.8781 0.613
4.10466 11.7798
3.82203 5.68743
7.17779 3.10913
1.01126 7.03409
2.8192 6.06695
4.43498 3.61907
0.5842 3.68847
6.96489 11.0095
0.615841 0.0959266
5.12505 9.62571
10.2548 2.71629
7.29757 11.3269
5.391 9.59709
4.94203 0.682161
5.00916 7.34561
6.03085 4.52507
2.60557 5.86145
0.519882 9.0416
4.72944 6.52983
11.7629 8.62265
5.62062 10.4119
1.99108 9.70045
9.02407 2.58833
4.85405 9.71597
12.1027 4.5457
11.5196 4.04242
8.61322 2.24448
5.10608 1.06719
4.9953 6.64397
2.33881 12.3444
4.65145 9.32592
7.4592 11.5989
5.26092 6.5802
6.81895 2.56378
0.498365 2.79912
5.92582 2.22314
9.7027 3.81107
0.485641 7.62826
5.35845 6.45728
10.2889 8.83067
1.83795 0.230989
2.19681 5.04096
9.11229 2.77131
10.3152 8.22456
0.861604 3.56212
0.300169 1.69647
9.35078 2.38696
0.92979 3.48345
7.14924 10.3946
0.379368 0.741265
8.85607 6.90265
4.52795 12.1669
2.78997 8.17547
0.578938 1.41317
0.416434 8.5568
3.4242 12.2299
0.370636 2.45767
5.22484 6.46298
5.43065 3.95717
8.49247 2.52975
11.5115 3.70272
5.93926 6.1473
8.66149 7.31334
0.719903 1.03974
0.445294 0.0771379
6.22333 0.850605
0.135323 3.80709
0.376218 0.610343
0.220443 7.12489
0.98716 10.1709
5.337 4.18784
12.2828 0.201434
6.54534 11.2892
5.22945 9.53717
11.4173 3.99229
8.45022 7.01408
1.6393 4.54663
10.4754 4.18809
11.0279 8.6247
0.092991 8.1053
10.7388 8.22794
5.68724 7.71663
6.12201 1.66579
8.87129 8.89881
5.46167 7.5692
5.38289 1.30145
5.08061 10.298
0.63613 8.35823
11.234 8.52476
11.4154 7.24917
6.08051 7.38072
3.01652 4.72105
1.05953 0.027664
12.373 3.34086
12.4136 8.60761
1.55488 4.84737
8.46302 3.26284
4.34483 11.2311
3.03451 4.16473
1.18259 3.03116
5.09166 0.00696457
6.05927 0.651249
8.72479 2.99429
12.3013 12.2765
0.0845443 2.16965
0.136752 8.65359
1.08745 2.86322
1.0069 8.40978
12.1454 8.43175
11.5304 12.2462
0.583342 9.79393
11.7111 4.32203
5.99092 0.00996887
5.82889 3.56639
11.0221 9.00173
6.7192 0.531879
1.78393 12.0075
2.50277 4.85133
8.89889 2.65046
2.264 12.2702
5.15057 0.286531
0.397205 7.87335
8.64606 11.952
7.59382 3.7455
9.99241 3.20744
0.909734 7.53268
12.3901 11.6298
5.58386 6.47851
2.3876 5.87435
11.5295 0.333421
0.172625 3.57035
5.00964 6.86974
0.619292 2.1697
10.9273 6.90832
6.39271 0.161321
3.54998 8.90161
7.13539 11.6291
12.0264 12.2307
4.61516 6.84785
4.89142 11.6514
8.41598 7.16377
3.99471 9.83227
2.02121 3.84384
1.73735 3.35343
4.0267 10.9543
11.9137 0.242291
5.75267 0.911745
8.38327 7.34881
8.72965 7.44026
9.43718 3.43017
0.435731 8.04621
11.1124 8.03409
0.884428 4.46143
12.4927 1.1485
11.9589 7.90108
3.06031 8.26863
8.19837 10.639
9.99902 8.77894
11.3206 7.79063
6.1874 6.53002
11.652 0.756037
2.74308 5.9837
0.800788 1.33797
5.6712 3.12871
8.47551 8.13065
6.24479 0.281274
9.43914 7.70345
11.9436 6.86778
2.57178 4.51297
11.4901 12.0048
4.92891 8.0107
11.9498 12.1747
6.84535 11.7574
5.35149 9.99622
6.47398 3.13915
11.5133 4.44531
6.59705 0.519867
6.12483 7.37312
9.87551 3.59596
2.40263 9.05368
4.5585 12.3288
7.73395 7.49879
7.40957 11.8737
4.97056 0.266687
4.75802 6.83193
1.93999 11.9455
7.63998 11.1378
9.61026 2.28011
0.0641219 1.64789
7.42639 3.67209
10.0601 7.95503
4.06989 9.76594
5.84299 6.3312
0.15927 7.71993
11.7957 4.38169
11.6957 12.3499
8.68466 2.42176
4.38684 10.4981
6.24229 0.493338
5.36369 7.4746
7.56894 3.85411
3.10893 10.181
0.604452 3.50724
7.7235 7.55552
2.00366 5.80077
12.4313 0.529148
5.4302 9.8879
3.20153 3.79717
0.788881 4.62066
8.37011 8.60557
0.379853 8.07358
6.95912 3.84914
2.41337 9.05275
11.404 7.50063
3.0808 7.96047
11.6235 7.74453
11.6545 4.64605
2.49033 4.80075
11.9921 12.1131
0.538262 0.588136
9.06189 7.23049
4.56228 0.0259881
4.85597 9.63046
9.89846 9.17389
8.52548 12.2254
9.74842 3.73738
0.475865 0.0901482
9.43771 8.72793
0.188166 8.0901
8.3734 7.74044
4.86127 3.96573
4.87674 11.4827
7.99502 11.6709
6.53831 0.070127
9.70858 3.42697
0.361144 7.39958
11.6679 3.82744
3.13113 9.02353
11.8603 0.431425
6.5521 6.69521
7.91359 7.0172
0.209388 3.19153
2.72378 3.31969
8.78392 2.22436
7.17234 3.8495
12.2049 7.59242
4.54614 2.12161
0.676613 0.012015
8.57288 2.6192
2.18241 12.2141
4.94539 8.90129
9.99698 3.0295
2.42443 4.82871
11.7999 8.3441
4.52392 9.18421
4.06551 8.18381
9.13765 2.00918
1.92588 11.9155
11.3143 0.437199
7.84311 7.19216
3.38057 9.14698
1.88029 3.06943
7.01644 0.863307
4.52265 3.737
6.71922 5.14294
1.21139 4.07208
0.608018 2.22151
0.199279 8.44049
1.5121 3.82816
11.4643 0.17792
7.5997 10.9485
2.18219 11.9484
7.79235 7.31477
6.00131 2.05997
4.83835 0.576889
12.1571 11.9783
9.37461 8.77206
9.31054 9.12043
9.22367 4.19976
8.54085 2.20665
5.02555 7.09493
6.4139 3.73653
9.06929 3.36022
8.31917 2.32053
6.32601 0.219697
5.57607 9.74436
11.9069 12.1308
8.35036 3.08427
1.53527 12.1892
5.52575 9.27156
5.99734 5.31729
2.74267 5.27303
3.92644 8.17397
8.16729 10.7755
5.48218 6.54218
6.23927 0.703372
9.86376 8.34062
11.2988 0.0692164
8.0878 6.88406
2.66954 9.15444
5.79591 6.95038
2.77446 3.49793
4.33885 10.9688
11.0624 9.13228
12.0205 4.32827
3.72897 11.0281
8.68109 9.40244
7.7666 3.04294
5.01203 3.88102
4.8916 6.7713
1.77692 11.4647
9.53876 1.94412
1.91964 4.90092
2.58603 4.25285
7.76339 11.818
11.86 8.81315
5.11858 7.24448
6.12158 3.09965
4.70607 3.60419
5.27596 9.60027
12.3213 11.791
4.51124 6.44958
3.21289 9.56743
7.18524 2.74726
5.41852 4.15904
5.00646 7.25976
3.21537 1.76867
2.73283 9.13065
4.314 7.10918
11.4365 8.71954
2.60689 12.1139
2.96223 8.7133
10.1147 7.40073
11.3866 4.26924
1.21565 0.339972
5.35688 6.42447
11.8483 4.76635
9.2044 8.5031
5.86119 6.50408
11.7374 11.7303
4.73373 7.51427
2.86705 3.59662
4.33068 10.1556
12.0359 4.55698
1.11171 8.05767
10.1217 10.8381
1.2065 12.3744
5.80885 0.0282582
3.73691 12.362
1.22124 0.310949
2.59716 3.36037
0.214254 1.15533
11.6457 7.9517
1.22844 12.2926
0.742678 8.14627
1.74494 0.360918
7.66137 3.38434
9.22128 2.95746
12.0074 3.69364
0.820147 7.67943
9.17055 1.92045
4.25361 4.81674
0.0526626 3.31655
6.94992 11.7323
11.2329 8.16536
4.98977 4.07777
11.2743 3.79783
9.02308 2.65386
1.4101 2.63912
6.06074 7.18921
3.07908 3.8351
9.67472 0.678193
5.95173 0.390186
4.58365 9.67212
9.50323 0.974663
1.13934 1.14274
11.1607 9.25701
0.568731 3.60757
5.33105 6.41751
5.63087 8.39143
5.38233 8.88726
0.0315793 8.1135
7.03701 2.29154
9.3664 0.262311
3.38233 9.6509
1.66236 0.383673
12.0744 12.1792
0.124194 0.249499
7.08503 3.02183
8.51448 8.25942
3.06479 9.71516
9.33242 2.14215
8.27583 7.87306
11.81 4.46484
9.45238 1.64098
0.472447 0.896491
8.62722 9.10629
0.777008 7.83612
2.12829 9.41273
2.39238 3.6993
1.97855 9.52051
5.64906 4.11462
7.18686 11.0283
1.27185 6.53021
5.92486 7.0559
8.385 3.55972
10.6815 8.60467
0.55363 3.98558
1.82948 4.63576
8.03865 11.4347
2.77575 5.63373
4.99632 6.57859
1.6887 4.1008
11.4483 0.546967
1.49033 0.859576
11.4202 6.63064
5.0134 4.16921
3.41303 3.64783
9.40526 3.53985
7.96379 10.665
6.77662 0.160432
8.16348 8.25481
0.310676 7.8943
10.1859 2.26117
12.002 4.758
9.14887 2.10475
6.49936 0.799842
7.02575 10.793
2.43949 9.694
11.9119 7.0676
1.61398 3.35934
4.66103 9.59208
11.9504 12.0527
4.46165 10.5844
11.4094 9.0373
5.18058 12.0174
3.05469 8.11655
11.7478 11.4207
4.63005 3.65702
4.18502 0.319997
5.40496 6.42228
11.1401 7.38581
7.39942 3.54533
0.023552 7.62651
8.04321 4.16846
1.81526 12.0561
11.9411 7.92963
2.19379 3.66227
6.17792 6.76402
0.240358 8.8775
5.16964 7.09641
12.4318 7.38346
7.49895 10.8905
9.3457 7.37583
9.03348 2.50604
2.65448 6.09004
10.8084 7.04475
4.84536 10.5599
4.42387 11.1259
2.12453 5.53048
2.64418 8.90387
6.51718 1.30301
6.74329 1.91002
1.53073 4.36472
3.57138 9.78009
2.9303 9.96329
8.72474 3.1532
1.44629 4.18877
4.16943 10.6105
11.9197 4.82709
11.7609 7.56422
9.81841 1.12589
6.18884 0.299153
9.00457 1.78135
3.60488 9.51431
1.64939 12.4108
1.77246 3.95883
8.42951 3.82364
5.45744 3.09313
4.10562 9.39399
6.15851 7.00774
2.98376 9.3927
6.73113 12.2
0.20513 3.75797
11.4062 7.59145
0.8128 2.05718
5.10735 6.25097
11.4015 0.608434
9.35419 3.22142
7.45465 11.9267
6.54289 0.770059
8.39178 8.08538
5.5365 3.17947
0.322559 1.73196
11.7673 0.157865
6.963 11.3435
11.8441 3.69094
3.01231 3.74733
0.433589 2.18166
8.53724 4.28976
2.10781 9.82942
4.66508 12.3783
11.2819 7.11052
0.517111 8.35163
9.61548 3.47251
10.0602 9.22526
5.57025 9.05944
9.79142 3.90752
2.83158 3.54268
6.46214 0.0811366
11.9986 12.4556
1.72344 0.157291
7.93337 11.4637
6.23926 7.00243
8.55879 3.87521
4.70353 11.6203
4.06993 8.4266
0.513274 4.60437
3.30764 2.61517
8.03613 8.84058
11.9613 4.14072
12.4781 8.76913
2.57295 9.57853
6.98085 11.2961
2.90446 3.77677
0.981032 0.134369
10.6949 0.0432075
3.64206 3.00293
6.96515 2.42117
7.26307 10.9212
10.1479 2.69186
5.84763 8.03336
7.92752 11.6034
0.672682 7.51017
6.33671 0.644955
7.85496 10.895
8.58376 4.23259
6.31423 2.30712
5.66056 6.01554
8.57993 7.83128
11.5563 7.85553
3.03779 11.1912
1.95672 5.5036
8.07251 11.3199
2.82407 2.93852
0.675981 3.58836
4.2853 10.3156
0.808008 8.52667
3.34556 9.5131
0.320684 0.0126593
1.64682 3.64045
6.88924 11.1487
9.98262 12.3726
8.75882 8.90795
12.1724 6.9086
6.56883 11.0776
6.89817 3.23242
6.68786 3.20607
0.978713 3.57708
8.53247 11.6092
8.53058 11.8046
4.57596 11.4024
8.88222 3.53366
7.36776 11.5539
8.70636 7.15719
9.34112 9.27272
2.52214 8.99853
0.066984 3.74279
6.6929 0.223177
4.58883 12.1572
8.78098 6.9956
7.65642 11.1839
4.01214 11.0476
8.54698 8.84444
6.35257 2.60019
1.98842 12.2704
0.189613 7.37072
9.4385 2.28949
11.7661 11.7377
5.87232 0.0497293
8.20346 8.7289
3.03107 4.0209
2.27359 4.89802
0.389867 7.25879
2.84914 5.64238
3.45015 3.64561
1.87912 3.01687
2.80806 9.18203
6.48706 1.16535
3.15706 3.083
2.87372 3.71737
8.58075 7.94904
1.73197 0.374229
7.79008 7.00765
5.23252 6.91597
10.9172 6.59803
0.929795 8.81778
6.98132 0.894052
9.63724 11.6277
6.25667 2.23372
12.3646 12.4542
0.0127656 3.22281
11.7395 6.55253
8.23464 3.41548
2.75202 5.68333
2.26286 3.35583
6.61086 0.360725
2.58482 8.34431
3.22545 8.38916
5.95932 1.45967
0.159834 1.078
1.84218 4.27369
11.6148 7.61184
12.2598 0.246232
0.348964 7.69406
1.31831 12.1785
9.76061 2.34929
8.86655 6.79326
7.03937 2.92528
5.14175 3.56131
2.45347 8.88519
6.79381 3.2875
2.40095 10.0289
10.2521 8.85967
0.183836 0.591596
5.11318 7.53787
5.90343 6.61146
7.24387 10.9148
7.02096 0.768166
5.67294 0.171917
5.51936 3.5614
5.91718 3.20974
9.76107 1.90463
4.3017 10.3765
5.87999 0.293476
9.32246 3.19526
5.34625 7.9171
0.478411 7.57197
5.55557 9.77447
7.5692 3.78833
1.43725 2.99135
5.82911 6.63257
2.08351 11.883
2.13212 5.52442
8.93415 2.36274
0.624218 3.74167
7.05076 3.85587
8.95591 3.4519
3.44955 12.2263
9.14414 2.21705
4.62025 11.3507
2.62393 8.66998
4.7393 0.325635
2.36666 12.3665
6.5009 2.06011
6.48926 1.5111
9.80724 8.25092
3.96875 9.69114
10.2403 7.07224
8.52615 7.62654
2.32395 11.5414
9.75674 2.09706
1.968 12.3346
3.86892 8.74809
5.25065 6.47976
6.44365 2.48484
8.07344 8.34087
4.39472 9.76876
12.2382 0.229764
0.312948 0.587634
1.05622 7.37547
7.85365 7.84827
5.55584 3.69344
7.51771 11.7188
1.85204 4.54495
9.42493 7.5431
8.0551 3.99591
0.781325 11.2927
6.99375 1.09691
7.35241 10.5499
8.53348 8.16146
6.98038 11.1797
9.58868 3.74358
8.73138 9.22888
7.25194 11.4537
2.00412 3.28618
0.824201 0.690725
6.62943 2.50661
8.66158 7.87506
11.7746 0.699301
8.14159 12.0374
2.70247 4.20032
7.64762 10.868
0.562697 0.392513
0.211853 2.98105
8.51112 12.4346
2.20269 5.53445
2.70295 6.02848
6.02412 2.28251
10.9054 9.04528
6.06413 3.16425
7.87946 12.0661
6.93815 10.8106
9.31152 3.66643
10.6891 9.05921
0.595952 7.4286
2.96629 3.21847
5.47323 6.73214
0.417027 3.53827
0.546233 0.728048
2.06442 2.94158
7.57534 11.5248
8.68274 7.25841
7.03463 10.9166
3.9728 10.5491
8.00831 3.07905
1.62081 12.3304
7.7002 4.00363
4.94083 6.23868
9.28525 6.43955
8.6649 4.00504
2.88551 3.521
0.555335 2.06192
11.7921 3.20262
8.72712 8.17056
12.0093 7.55521
7.07952 11.9446
3.21035 8.69676
12.1002 8.76244
9.52695 3.00007
10.4301 8.23384
5.83569 6.25771
2.77624 3.06794
6.61022 11.1048
3.36439 8.90175
11.6735 6.77261
4.71167 4.02623
7.8823 8.26213
9.44764 1.9853
2.46655 5.56822
9.34347 3.57141
9.73129 3.61769
2.85174 3.54435
7.01907 1.8701
3.12047 8.4051
11.8548 4.01892
7.31245 10.7904
8.26156 12.2687
2.72292 3.25727
9.08122 9.4635
5.96539 2.44991
0.111224 8.89826
8.58369 4.1165
0.291316 7.76421
8.56335 11.8148
11.8316 4.10876
3.22413 7.97934
3.92265 9.73258
12.0006 7.23798
4.55993 10.8313
12.2783 0.871779
5.56893 6.53652
7.57124 7.49432
11.7845 3.53005
2.28986 9.72578
0.144275 8.29208
9.81334 1.88426
8.84025 7.85907
8.7985 6.92057
5.06715 7.65445
6.63405 1.00758
8.29058 12.4034
6.84899 3.64919
11.628 3.76433
2.05317 12.1553
12.0408 4.17909
10.4072 9.2378
12.3098 0.571337
9.86785 2.48618
12.3379 0.0511257
5.74681 7.90321
8.23024 11.2994
12.4972 4.45273
0.268788 0.313664
12.2471 12.2541
4.8694 6.07909
6.01744 0.0620842
3.30695 12.4926
1.68114 4.98159
7.74575 2.75589
3.18391 4.07332
9.43508 3.48197
8.1296 7.70079
8.2172 12.2168
7.41673 3.30671
2.37044 5.80162
9.01394 2.40036
8.20238 7.44184
10.8484 6.59404
0.493972 0.069723
2.32983 4.97248
12.3285 0.527155
7.31995 10.897
4.11005 6.83426
9.80325 3.20216
12.0797 3.78862
11.089 7.03847
2.5777 8.92047
4.24761 8.76873
6.46627 3.17626
8.89259 7.39124
8.88469 4.02639
10.8822 7.51736
2.97065 9.32455
0.181148 2.75075
2.39882 8.96535
9.98156 1.95507
5.66673 7.37787
1.86848 2.89255
8.02093 12.1928
8.38183 7.24462
3.28662 9.12554
6.01057 7.11141
0.296856 0.607522
5.73778 10.3551
3.73675 9.45343
3.58753 10.8009
3.13389 3.48542
9.3973 2.1114
7.28438 11.2463
2.36708 9.67174
5.59814 7.16209
11.6444 7.929
12.0673 0.672444
6.48295 3.02697
5.88654 7.07961
2.06088 9.89893
7.16228 11.9432
