8.3898 4.87473
10.5142 5.71583
3.88448 6.71817
5.42318 1.80292
1.87367 9.41014
6.58509 6.03283
3.70603 5.83508
11.5924 9.82414
7.80233 1.54285
10.6288 10.9731
6.4361 10.6762
5.59214 12.3315
1.89135 0.679148
2.66236 1.09751
11.1146 9.04622
0.466521 11.1226
9.85324 5.59448
11.8464 10.3127
10.6344 12.4021
2.24262 0.745371
2.02713 2.17595
0.659816 5.43092
12.5 5.21009
1.52067 5.69672
0.739602 10.2655
0.548715 10.013
11.3629 0.783895
7.11459 8.14917
8.70098 1.06107
1.78028 7.08805
11.173 5.27094
7.71903 0.00111141
7.70162 1.63782
12.4807 10.1419
8.86987 10.563
11.5881 12.1724
12.2176 5.84266
3.45391 0.898579
8.99031 0.287141
6.19005 4.81455
7.44104 6.72604
9.14368 1.23256
2.80593 1.60171
0.481995 5.85992
10.156 10.7892
10.7235 6.17991
7.21623 1.69163
12.2435 2.29985
11.3078 1.25484
6.96253 9.43935
9.28229 0.633003
6.24614 7.95317
10.1267 4.83342
6.03609 12.3167
10.9334 2.65215
10.9156 10.0549
7.82453 0.587685
9.41005 11.3283
5.99488 4.62198
7.08996 4.4618
3.21357 7.7665
1.04714 6.75693
11.93 2.28048
11.7389 5.78499
10.0423 11.3584
3.97593 4.73352
7.8413 9.28795
5.81904 5.65031
0.395689 6.08877
6.45625 12.2744
12.2507 9.43563
12.2449 5.86334
7.93805 0.448512
11.6241 2.48769
7.97342 5.48497
5.7839 11.2439
7.79048 5.2703
11.4735 1.38018
7.55011 8.57941
8.6755 10.4517
5.41173 10.746
3.95907 7.43162
11.0669 1.97031
5.50371 10.4776
9.72463 11.4286
6.96224 4.5673
4.6441 5.05829
6.99362 5.6286
6.63473 9.24525
8.71614 0.393281
7.14405 6.41226
0.310818 9.88187
3.27358 5.14655
0.293246 12.0915
1.15825 6.97602
8.37489 1.13248
9.23593 5.0138
3.91155 7.50459
3.97405 4.51164
3.73622 1.72139
4.24185 5.27
2.7655 11.0134
8.16674 0.600555
4.81321 2.72447
1.8337 7.44964
3.14005 1.81452
6.98039 5.31873
10.0282 11.1657
6.13546 4.20723
3.44001 7.16829
1.81165 8.01049
0.783909 6.02728
4.82127 4.77555
5.27494 2.26124
1.36767 7.26037
11.4722 10.4068
9.97078 5.21023
11.0123 5.50236
1.91952 6.49701
5.95089 9.92876
10.3965 5.95664
9.55422 11.0816
7.78044 11.693
2.82872 2.73302
1.28317 5.89402
2.54313 10.6396
3.09577 1.57837
3.71395 5.73577
11.0294 9.97825
8.72175 5.34528
11.872 10.8414
5.28216 11.9386
8.89341 4.60396
11.3131 11.2132
0.472301 6.62841
1.6296 8.05385
10.7022 7.14319
7.50937 8.64543
7.4453 5.69989
7.32778 1.85049
11.1922 3.12002
5.27715 10.4736
9.4995 5.4951
0.141762 10.587
5.98817 5.41482
7.39711 2.02349
11.0425 5.41874
10.5583 10.7375
0.528449 10.4965
3.89091 7.08109
2.9673 2.21054
12.1623 4.09668
3.4316 10.8448
9.5395 0.261652
2.66795 12.006
6.28951 9.68487
7.09851 4.40689
1.23712 6.6957
1.40694 11.0675
5.1595 2.3459
3.21123 10.939
2.79035 1.0326
1.86886 7.01648
11.568 10.7344
0.747911 5.91961
11.0011 11.8629
11.8382 10.1054
12.3695 5.64261
3.79405 4.36377
9.46223 4.68822
0.559575 11.3734
7.09029 5.3054
3.91369 3.21343
6.05109 9.36462
11.1542 6.16454
5.1676 11.7046
1.29313 10.3556
12.1851 5.32733
8.75878 9.44819
5.37308 11.4014
2.42015 2.21678
10.8462 12.4304
8.39887 6.29983
0.637856 6.18781
6.46156 0.406137
1.43593 9.05451
3.63772 1.70859
3.85728 6.94532
6.37573 7.85871
8.72244 6.20496
4.7337 2.28358
8.03706 5.06117
12.1648 10.6967
10.5649 11.1664
6.78388 4.42748
11.1665 8.39863
6.92514 8.42982
5.69136 12.4517
5.82777 5.83178
0.287802 10.4111
11.6407 2.25523
9.77356 10.9383
4.60579 11.039
10.2965 9.91251
7.61916 1.9959
2.62453 7.3502
11.011 2.35406
4.92552 1.34817
8.03293 9.59871
5.4099 12.4069
9.07016 10.7153
1.25447 10.5821
1.6278 9.67273
5.37899 12.1008
7.81697 8.98926
9.87068 10.4184
9.40757 5.28057
4.20138 3.19215
1.64957 6.82815
9.44496 4.68782
3.5095 1.10345
12.2483 6.11489
8.91932 4.91905
7.59685 6.68812
1.1083 9.8941
3.04462 1.44886
3.98676 1.87541
3.4519 0.897052
7.40323 7.61682
4.22533 0.958493
5.27195 1.75996
8.07281 9.60299
8.02031 0.442564
2.26125 2.32696
11.064 11.1437
5.01638 10.8473
7.35174 9.55551
11.3214 2.24057
9.08806 5.38884
10.1349 10.6347
9.52685 11.9285
6.65304 5.41345
6.48531 7.87011
4.63698 1.7745
1.35985 7.06869
10.6298 1.92714
6.79255 5.48105
6.20448 10.4091
2.01254 1.8049
7.77593 5.67388
6.29178 8.23039
11.9571 10.4735
1.51968 8.60328
8.61638 0.545338
5.52912 5.43067
10.988 5.25675
10.7432 3.40071
5.86165 4.62228
10.7182 4.44818
1.17304 5.84325
0.596037 11.0067
9.39074 4.83802
11.2689 10.0556
2.73646 11.5649
4.27282 3.06354
5.22297 2.4413
4.64345 2.80557
5.26842 1.62758
1.27925 5.97137
7.55292 0.67669
9.74318 5.5355
5.31606 11.7745
0.578733 11.4077
11.04 0.763549
7.76852 5.52641
7.90186 1.89026
2.58503 2.60037
7.12843 8.36885
3.53928 10.7015
7.2846 9.85262
5.04611 1.10582
8.62645 1.51115
12.3113 5.23027
6.7727 10.4665
9.22149 5.10293
11.5307 1.18793
11.2205 9.51899
1.18286 6.99103
8.29078 9.59333
11.8786 11.1293
10.782 0.798049
4.69725 2.84903
2.10641 7.03183
10.4404 1.86041
1.6993 1.48083
7.96364 1.32367
2.21367 8.09447
10.2624 12.3783
5.65413 11.5535
6.96172 7.63479
1.82087 8.96466
4.82369 1.16904
12.4567 10.7493
10.989 1.1538
0.236582 10.9927
9.2877 11.3348
1.43246 6.40646
5.63807 11.0986
9.81683 10.9285
10.548 2.11301
9.34984 4.39994
11.8802 5.34352
1.42603 9.07935
4.83725 1.73599
10.9118 10.2785
1.62988 6.63842
1.33081 8.93188
5.41876 5.42565
7.50075 10.1776
8.02109 10.3227
5.40828 10.7512
8.63593 0.698354
4.40034 6.03344
2.3806 0.895711
6.12694 9.43452
9.92637 4.81429
9.23667 11.5855
10.9055 10.147
1.36458 1.4453
11.4456 5.23766
10.2629 10.7011
2.26499 0.962187
7.55006 3.27894
2.35463 11.8211
8.42929 1.48751
1.0162 9.24572
8.31096 5.24588
12.2878 10.9331
9.20976 6.4426
0.61179 6.85701
9.91066 9.96662
1.46535 1.64622
5.47959 11.6115
10.9813 12.4877
3.48304 1.68787
9.83542 5.29277
11.8626 5.33065
5.41314 10.9817
5.91173 10.3722
12.1768 2.96735
12.092 9.61669
7.50982 9.69304
6.7738 8.33427
10.6829 5.03612
1.56205 6.7739
2.64157 3.88233
6.79526 5.32852
7.56986 5.05071
6.51624 10.4836
11.572 9.76726
7.19134 10.1736
4.10413 1.21538
6.08183 5.35976
8.96306 1.04339
4.32597 1.70882
6.96087 7.09577
11.938 10.389
10.6207 10.5641
1.51007 2.38323
1.50788 10.3778
3.84881 2.21812
7.67483 0.299485
4.22923 2.59056
1.97722 6.77225
10.6816 9.6406
10.7426 9.48267
2.15351 7.51374
4.18289 2.1064
0.26568 10.8799
5.84433 10.613
1.59266 8.84237
11.0811 3.1986
5.39701 10.1806
7.47196 8.96958
6.63233 6.64978
10.8233 12.2038
10.3291 4.57593
12.1002 5.37094
10.5166 12.1028
3.84536 0.864305
11.8531 9.81942
10.091 11.3278
2.16049 8.59519
3.45593 7.26566
11.1742 1.65871
4.33059 2.07119
0.345997 11.0863
4.13631 4.22553
5.49506 4.71136
6.81486 4.85291
1.39376 6.28932
2.34372 10.9533
1.68674 11.0901
12.0386 10.151
7.86217 5.94385
7.39294 1.07866
1.91003 7.19381
1.51963 10.7257
7.52066 2.16724
8.82999 10.9393
0.35583 5.18533
12.2814 10.628
10.989 0.537895
0.135937 9.93451
4.55471 2.14689
5.8254 12.4383
3.82939 1.28208
5.0041 2.07757
10.9293 5.80063
3.39254 0.900307
7.4474 5.01211
10.5492 10.3463
2.13635 6.76071
4.20943 0.628836
5.99689 10.3278
2.83635 2.51788
11.4736 10.1584
6.24011 10.8593
9.52042 5.27644
11.5632 11.3796
4.63092 1.77963
11.1034 11.5979
3.27293 11.6199
5.8437 5.36006
9.09587 5.07787
11.2922 9.51814
12.1386 5.96677
11.6553 11.4123
11.2533 10.2777
2.03609 2.67917
4.8102 1.32576
3.57569 6.02809
3.9824 4.02962
1.83692 1.53547
3.93459 6.14624
1.26877 5.74227
10.9691 4.34723
9.12334 11.892
6.93322 5.94527
6.26562 4.8045
2.41332 8.02561
3.05383 10.6552
6.42146 4.06062
7.19496 8.5974
2.37774 8.05557
7.3448 4.53076
4.42361 3.98835
2.25221 8.76853
10.3925 12.2205
3.30011 11.4495
10.442 9.53513
0.444515 10.663
3.04331 11.8399
7.94076 4.806
2.5069 11.4232
0.244958 12.2312
9.60819 4.67564
7.77709 1.18486
4.29096 2.00357
9.68259 11.398
9.92349 11.8078
0.662893 6.29351
5.52868 12.1175
8.02195 9.26641
9.92724 10.4429
7.54465 6.47892
10.9937 1.13601
5.30912 10.5531
4.17529 2.62678
9.50786 0.88927
3.22036 11.4087
12.4952 5.50232
7.94896 4.47943
4.10372 1.67265
11.1619 5.77111
10.4478 11.171
7.7531 0.190322
6.00875 11.007
12.1916 5.75436
0.916278 4.86045
8.51258 1.41986
8.17784 10.4038
5.80444 4.59169
6.00375 11.3245
6.19948 10.5438
0.181844 6.38341
3.16275 11.506
7.75291 9.47028
2.15568 8.97977
3.32924 2.99206
6.7847 5.27602
5.68587 11.4755
7.46737 8.70569
9.96691 11.192
8.86687 4.85292
10.1904 4.76672
0.287961 9.74366
9.21454 4.66318
6.17156 9.00265
6.7262 5.53065
6.33914 4.24336
1.80596 8.15194
9.19365 5.71705
6.9675 5.63276
1.88316 0.880142
1.16703 6.64275
5.71764 12.1337
10.0824 4.69745
5.97838 4.39637
0.286463 12.3357
3.49188 11.1834
12.0433 10.0831
6.72647 4.97641
11.1637 10.0511
6.7556 4.98537
7.40943 4.62529
12.4103 9.61228
11.0182 5.38562
12.4153 2.6095
0.725849 5.35257
1.89291 10.9275
3.79377 4.12007
3.81132 8.72428
10.2659 4.21751
1.80525 8.59208
7.80314 1.18944
9.49286 12.1708
4.18149 5.22726
5.20588 2.3773
11.3747 2.67153
5.07931 5.07654
7.68377 0.400288
7.45071 9.25955
7.18583 9.49967
1.95867 0.510898
7.05098 6.75043
11.3822 10.595
11.481 2.09753
5.1902 2.81441
5.5696 10.6517
6.21317 11.9545
3.08926 10.8153
6.41164 8.90189
10.8008 5.5274
12.3923 2.22716
10.1219 10.7809
7.12776 4.38842
0.240219 10.437
11.7973 10.1358
0.119113 10.0235
6.10218 8.35651
11.7942 5.69952
1.02985 9.54221
3.31069 7.75145
4.40341 4.92974
3.56993 4.51717
10.7837 10.9168
1.75696 6.8747
10.1113 3.91047
0.713809 5.84402
5.03951 1.66554
5.08879 12.4379
11.4084 10.7027
9.56673 11.5293
1.88664 11.3442
4.79294 1.25836
3.39336 10.9664
2.65881 0.579653
1.08352 10.1492
3.80651 6.56303
3.74707 5.80512
11.4586 10.104
0.729585 6.48051
7.86809 1.75755
8.85278 10.5618
5.67662 11.3463
3.95631 3.71017
8.22105 9.55069
10.591 1.58117
7.34482 4.55438
5.44549 4.96573
7.37392 5.99598
10.8743 3.31803
8.22633 10.591
8.74713 6.32211
9.1921 0.923536
6.90997 8.69885
2.22676 1.64434
11.0183 12.2256
11.4701 6.19696
9.90865 11.4107
12.3342 4.98642
12.2703 10.0167
2.78222 0.675801
8.48076 2.89919
8.5173 0.207384
7.45198 7.84289
9.48907 0.832064
0.64122 10.4122
9.4391 6.30405
5.47062 10.9614
9.27349 5.35416
10.625 11.4005
10.8203 1.25607
10.6356 11.9523
6.32219 4.52664
0.63509 9.62292
5.74838 10.7742
7.7819 9.18259
8.42844 5.91247
8.961 10.8006
0.0629053 9.74033
8.23999 1.6125
6.86926 4.39181
10.2767 1.3547
2.70463 2.41944
0.0259377 0.340449
0.720585 9.70597
2.74107 10.6095
6.28467 8.13461
11.2391 11.5455
5.8587 9.77128
5.47397 5.72128
6.26232 4.9655
5.76957 5.4985
10.3893 5.17443
12.3839 5.75539
2.2714 1.2423
6.44416 10.1797
6.81071 4.79489
0.149636 10.7367
10.7425 12.1898
0.284378 12.0076
7.51818 8.34417
10.2074 3.82583
4.06877 2.28112
12.0554 5.59226
2.87493 7.32557
6.23134 8.11123
7.28027 6.69147
0.886888 6.68293
6.58703 10.3869
7.00332 4.55056
7.81885 0.753279
8.94609 11.5556
4.01136 4.60556
5.62874 12.0328
10.8292 0.606719
10.6205 2.83388
2.76075 0.357893
3.60847 5.80004
2.4195 2.2934
11.6205 10.1563
8.71405 9.64233
6.15582 10.1311
9.70104 11.6608
1.75138 5.97748
5.9745 5.8548
6.77788 4.83783
6.43439 9.68847
0.079657 10.9691
4.81734 5.34778
7.19893 7.26632
6.22914 12.1629
10.3722 9.53807
12.3911 10.2067
9.15679 10.8125
3.01142 11.0839
4.1923 3.7912
5.31148 12.3195
1.29093 8.74045
10.2025 10.4187
5.64933 2.23614
10.4071 10.691
4.18644 5.11277
5.68138 5.76417
1.11174 5.647
6.14874 10.6783
3.71816 7.21718
4.25323 0.882245
0.221054 5.4569
10.9184 12.4244
4.4945 5.60576
6.11763 12.2244
3.24903 11.438
11.2838 2.93352
4.07458 6.21488
5.84725 11.0912
12.1272 10.5551
1.56598 1.34387
1.23293 11.1763
10.4705 1.84574
2.02604 2.46183
10.245 10.424
1.53253 7.08558
1.15787 5.97993
6.32957 5.47043
11.167 10.6356
2.93235 11.4795
11.9561 2.16189
6.90083 8.49146
1.05155 6.56801
9.42579 5.10136
9.37441 0.958006
1.59445 1.42168
4.65052 1.48507
11.2396 11.3308
10.7115 4.92957
12.2565 10.3411
3.77942 0.863294
6.95625 6.85173
0.832522 6.77477
3.44024 1.04861
8.15579 0.128827
1.62491 6.35839
10.3518 10.9871
6.70792 9.3963
6.58833 10.5829
3.64497 1.94353
11.2707 6.05727
3.10353 2.57724
11.136 1.261
3.07004 11.9952
0.135663 6.59529
1.35291 8.96606
5.47567 10.9518
10.7291 10.9931
9.58018 11.4541
4.42264 4.75323
10.7598 1.21019
9.22002 11.2554
7.14176 7.02359
10.1756 4.26959
2.14961 10.6755
11.2718 3.07058
1.35057 8.74227
1.63421 9.29251
5.73021 4.34014
10.9438 2.68268
3.65687 6.88554
7.74193 9.95267
10.4899 11.6908
0.857441 6.90179
3.82809 5.82544
6.22824 11.8508
1.65257 2.11204
9.08122 11.5501
0.776403 9.58609
12.1659 10.2159
7.57808 0.734089
2.32693 2.57452
6.99874 9.52004
6.26452 12.1448
11.0032 12.12
7.04498 7.8225
2.17113 3.45053
5.41111 2.06639
5.0535 2.25025
10.447 0.827662
11.6267 10.6994
3.23024 4.54874
5.42503 1.116
3.7325 7.36421
8.66844 10.8556
10.5558 5.86071
6.62703 6.07842
5.96912 4.65542
11.0183 10.2769
8.69823 5.014
5.13773 1.55483
11.8469 10.9279
9.4552 10.1993
10.568 6.03206
9.08351 5.66761
3.66669 11.293
0.89997 7.04306
10.5886 4.75235
7.83998 1.73268
11.8925 6.44129
4.16106 6.4849
1.03871 10.1965
5.85204 10.3637
10.2799 10.8456
5.95219 10.2543
3.68138 7.55516
7.63652 1.33207
2.92793 1.23317
0.313495 12.099
10.3343 0.986153
7.36375 8.57048
10.277 1.04463
2.22372 0.832863
4.10204 9.37457
7.02169 6.47716
8.049 6.07088
3.61618 7.52657
0.5542 5.8062
5.48266 2.04866
10.0907 5.17918
8.26962 9.94072
12.1722 6.20734
5.54455 12.312
9.62299 1.47996
1.77181 1.12842
2.23348 1.40567
2.95631 10.7718
1.30318 7.2088
11.5315 11.4733
2.25244 11.4031
8.58037 0.260854
2.67298 11.7501
9.36256 4.5111
2.11889 6.50658
6.78772 5.46953
1.20669 9.75605
10.616 10.4423
4.50613 1.57523
7.55248 9.61741
0.588519 12.1426
8.81663 5.4179
11.103 4.86368
10.1454 11.8146
2.6281 11.1244
5.44361 10.9283
3.46289 5.56058
0.231487 6.78489
0.329682 11.5605
1.26185 5.90488
3.68729 6.6653
0.892264 6.30838
7.81833 4.92377
3.54257 2.71473
10.643 4.03636
4.77689 2.84343
5.81705 12.319
11.2002 1.69966
7.87854 0.947002
10.6284 9.89489
7.74073 6.20114
0.374758 5.12467
9.32908 0.271259
0.549384 11.7711
1.33115 8.8422
8.66985 5.14483
3.21405 11.3108
3.7483 6.40858
6.99729 9.28617
0.790691 6.50411
2.67262 7.71012
4.74199 1.59369
3.49121 1.35237
11.7035 10.1164
10.19 10.2978
6.5273 5.57948
9.63815 0.992121
6.97867 4.66941
6.4248 5.4853
6.56315 6.07606
6.8066 7.61613
7.88138 0.980794
8.27133 5.03647
1.53344 2.32946
7.93815 6.08231
9.86549 1.28652
2.68693 2.62932
0.333197 8.94501
7.13805 2.09312
0.127152 9.61305
6.98358 4.354
3.60829 6.37743
0.651186 5.52406
7.97735 6.02309
1.06892 9.35443
10.3435 4.3438
9.97689 1.56901
2.31435 9.39905
5.99691 8.45739
4.4789 1.90421
9.47692 11.8772
3.06419 5.51683
3.37413 5.87002
1.98518 11.4918
5.08084 2.09611
6.33146 11.0011
2.96581 11.7081
12.3637 5.79061
3.38529 0.428304
3.83027 3.38528
2.70863 2.38034
6.98673 9.72241
10.7754 5.66514
6.21372 5.09896
8.25515 5.70998
6.78502 8.24775
9.88005 4.23148
6.00236 5.74591
8.5997 10.6707
5.90419 11.5824
3.23303 11.6049
7.7617 9.55618
7.28231 2.13214
9.32797 1.0949
10.5658 9.8516
9.85668 4.31306
3.6243 5.35627
5.63679 12.3392
5.71674 4.98728
10.4095 6.24358
11.2756 3.07155
12.0627 1.82914
3.92332 6.00135
0.50506 11.9559
7.20813 10.0647
8.96882 4.44752
10.1926 11.8582
5.44696 11.1557
9.25876 10.6493
4.02076 1.84982
2.66706 7.2482
1.59689 4.73247
4.152 2.38714
11.5837 1.93243
1.61399 6.90044
0.650707 9.71004
0.694656 9.7676
1.5286 1.79659
3.45536 5.45054
8.75683 4.7685
5.12708 9.50038
3.31985 6.56387
3.92179 5.27941
8.24733 6.10989
10.3942 11.6622
4.21487 1.1301
1.21292 9.62672
12.035 5.07352
4.06071 1.83203
8.30445 5.47722
1.72788 6.46607
5.45515 11.1067
2.70084 0.44983
11.0033 3.85062
3.74349 7.62484
1.73039 1.54969
2.13879 1.72507
12.0203 2.54329
9.42468 9.64003
0.0292843 9.6584
11.2412 1.08666
9.80572 10.2969
3.54618 7.3249
5.905 5.25837
9.36565 11.5688
0.0741363 6.71598
4.78896 1.87629
5.55646 12.2263
7.25132 6.0607
1.22127 6.81354
10.1497 11.8138
10.297 10.7888
3.94594 5.62961
2.19637 11.7554
5.12404 2.34757
6.47163 11.104
11.1797 2.36146
0.337794 10.8258
4.35962 3.7385
3.5877 1.37107
1.47894 8.53938
1.98326 6.43313
10.4276 11.8145
4.83167 10.3073
0.0606863 3.30426
4.65825 1.46696
10.4756 0.299029
4.62841 5.03159
3.82346 3.74173
2.06761 7.80455
1.80238 10.8076
11.4239 5.35253
0.150988 5.28342
10.6515 10.6191
1.67938 8.44876
5.40799 12.1176
11.1299 10.1323
1.95464 7.94085
8.80977 4.53967
6.42623 4.91334
2.68777 0.905616
3.24108 7.02575
5.80605 11.6889
3.62196 11.257
11.2177 10.1448
1.98926 1.15196
2.86616 7.90906
5.32816 11.4757
4.38677 2.42004
10.69 9.67479
11.6684 5.84705
7.19879 5.50444
9.8942 12.3253
8.13276 9.6558
0.104506 11.2566
7.41386 5.23995
5.35944 10.6221
2.17408 1.9941
3.76702 6.81499
7.84299 1.88874
10.9088 10.3558
10.9511 10.7512
2.9588 0.736509
5.79302 5.77128
10.9689 3.50639
3.35026 1.81055
3.59015 1.32143
5.55732 10.574
0.224364 10.6005
8.051 9.91357
10.8297 5.14374
2.02014 1.40192
0.698715 7.1855
10.4371 5.78781
1.544 1.35474
11.1298 1.66968
6.26971 9.43036
7.10331 8.67602
1.61065 10.5729
6.9151 7.6759
4.36229 4.77025
9.17056 11.6683
2.24565 2.53856
6.39207 7.79144
4.01897 7.12135
5.33899 11.7447
1.3818 10.2111
9.79715 10.5231
2.56685 0.610545
5.46526 5.155
1.97661 7.83485
0.391057 5.1158
5.68746 10.4252
7.09921 9.66576
0.588314 11.2231
7.60496 9.5471
2.28893 11.7946
3.07216 10.6798
6.67307 4.98101
0.154799 5.43149
7.35167 5.53126
4.42697 0.907981
4.64695 5.83635
4.13088 6.94403
12.2014 3.01859
10.5385 11.7526
6.18726 5.00692
6.47333 4.74003
11.1198 4.75317
8.90549 5.6754
6.79959 10.0647
7.0137 6.01349
10.5953 10.7408
7.42815 6.92133
2.25504 1.64668
8.88862 5.31016
2.95788 11.8005
9.24878 10.1554
1.037 6.47084
10.3049 10.0047
1.3401 7.85814
10.4837 4.7428
0.705551 11.1651
10.2166 4.38223
1.9579 7.71053
7.24454 4.7152
1.46358 2.25747
5.40407 11.1551
3.3593 9.40101
9.50529 4.49688
3.77022 3.91306
1.14499 6.39129
6.07865 5.4063
2.05048 11.2531
3.4854 1.91912
11.4747 10.1918
1.15275 5.93564
6.91539 10.4394
6.56141 8.6252
1.75703 6.55472
1.25633 10.4154
1.29452 10.4732
10.2737 12.1483
4.79345 1.73116
7.9022 6.48995
0.23495 9.75579
9.83711 4.46044
6.12297 8.19743
6.86017 8.19632
5.38064 10.7511
3.42744 11.0387
4.47268 2.81984
7.29579 9.18781
9.07334 6.3477
5.95635 11.1686
5.6445 8.81337
3.38726 1.21315
1.20498 7.29597
4.56853 5.29657
5.49544 2.16704
8.01852 6.34201
10.51 11.8473
1.2405 8.49025
6.74945 8.6601
5.1378 2.84602
10.6811 4.3759
11.7261 6.0202
10.9073 10.4394
8.21203 9.64693
8.43946 6.207
8.68193 9.7774
9.08819 11.9193
11.937 6.19722
6.69308 10.3487
7.92147 6.0791
12.0702 5.52791
10.1931 1.39157
1.44534 6.33971
1.74464 9.17424
9.7642 10.3044
3.87451 4.33278
3.24299 11.1067
7.02099 7.80869
11.5911 1.11639
9.53026 11.9907
6.87892 10.1798
0.118551 6.09773
9.42884 0.1049
10.4929 3.91586
11.0331 11.6312
4.00168 7.27262
3.9918 4.64718
3.24843 5.09332
3.29189 5.47968
8.78952 0.243207
3.10828 5.14794
11.1916 5.18926
5.32575 5.01787
11.6854 1.31024
11.5828 10.1478
2.77404 0.97838
7.99806 5.61777
3.02381 10.488
0.564816 9.3458
9.93084 0.67558
2.86651 10.8339
4.83242 1.96407
10.2211 11.4647
3.24324 5.46871
12.4782 10.877
12.018 5.83346
1.1392 10.0839
5.25308 12.169
11.2097 11.1091
2.20495 2.7211
12.1834 9.508
1.5222 5.91883
3.87908 6.82872
6.4622 4.70891
8.39306 1.30418
12.1286 2.39371
3.88125 6.56562
11.4407 1.34541
2.65686 8.14072
4.16476 3.45133
12.2954 5.11614
12.1957 2.14378
8.01678 9.50259
11.9989 9.71415
11.3104 9.72182
11.214 11.0676
2.19821 1.05084
7.1027 7.86485
11.7641 5.49586
10.82 5.16794
6.23417 12.4014
9.55887 1.22954
9.72186 0.206384
7.94627 0.663489
10.5163 9.82135
11.7034 9.56308
7.98406 9.97314
4.7226 2.62683
3.38175 11.2907
3.07417 11.7019
7.24276 5.5239
12.1349 6.41363
0.96789 10.0217
0.214425 5.46524
12.0521 9.85132
9.69047 4.90539
2.09281 8.38046
7.40284 8.82217
4.51682 5.59011
6.57044 5.23187
11.6154 3.12603
7.06841 5.21884
10.9718 5.11199
4.11698 1.76213
3.87933 4.25578
10.1566 10.1566
10.4895 11.5041
1.5241 7.08897
7.81917 9.19874
9.87156 11.495
10.5983 3.82816
10.5598 3.68287
2.09952 1.94475
7.38876 8.15291
10.1067 12.3597
1.32078 11.2393
6.07725 5.83844
8.92749 1.2445
9.1258 10.7258
2.65752 1.46765
5.65254 1.86569
5.89963 4.94283
5.445 10.7639
5.27523 11.5897
12.3501 10.5593
2.0743 8.53746
12.3092 5.09429
7.67631 1.52205
12.3089 10.349
7.77785 9.33973
5.1888 2.67997
3.74749 3.75189
10.7111 5.32976
11.728 1.72126
1.32652 5.95554
11.2221 10.9372
6.50265 6.11068
4.35388 10.9432
3.91068 1.35007
6.55471 7.02392
11.2654 11.1469
9.54242 0.0947767
3.08942 1.86069
4.89244 2.47201
6.72867 7.51253
1.91658 1.48492
3.57307 11.0253
6.8978 4.40357
0.510196 11.9061
9.65416 11.211
8.22851 2.03946
9.74808 12.2416
11.9073 5.3632
6.78426 6.17972
10.1976 11.3503
1.34102 6.36003
5.69826 11.3382
10.8258 4.20326
6.93638 8.08447
5.42529 10.45
4.39017 3.48947
5.35882 11.9378
11.8488 2.4949
3.92958 9.67505
1.32922 8.81296
0.779204 11.2963
11.8477 2.26454
11.3022 9.54633
3.74962 5.44934
1.5949 10.8123
7.01773 9.76782
1.75772 10.5815
10.5035 1.19637
3.23172 1.13317
3.61044 9.74255
8.97108 5.64431
4.39132 1.03736
8.60991 0.0847735
8.13835 10.0113
8.47478 0.379488
1.74584 8.58475
1.21417 9.12045
11.2135 5.62584
9.01224 11.6988
2.26244 7.26833
10.1925 5.24927
7.33823 1.99668
1.89365 6.38681
5.32041 1.95795
7.86376 4.99713
3.83679 2.55531
7.04633 7.50914
8.22919 10.3978
6.12536 10.5715
6.16187 9.27873
7.66051 4.38132
1.66987 2.39113
1.54436 10.0485
0.747378 5.84209
8.04864 8.94505
2.18984 0.929676
8.9905 11.2678
9.9233 5.21587
2.74283 5.93607
4.19466 1.82742
9.13769 11.8832
1.16354 6.28944
0.383249 5.1964
10.7065 2.89231
3.10235 4.88068
7.74776 0.530597
5.49308 11.8394
8.38197 10.5823
6.88773 5.03386
4.57258 2.96763
7.79164 10.3659
8.87831 0.40336
11.9976 5.57695
7.11805 9.62721
4.82723 2.35237
1.39627 7.13749
0.61944 10.1597
11.6305 3.05328
8.5169 0.43863
5.28045 9.68011
6.83737 4.43353
3.88928 6.79146
4.84113 5.59362
10.0873 6.13036
0.78002 6.25759
0.819132 5.69603
10.7993 5.44114
5.25223 12.1768
1.68379 6.82829
6.21749 10.067
9.62191 11.9715
8.21103 5.79627
10.4882 3.91628
9.2699 10.553
11.5548 10.3406
5.82427 5.00755
11.8431 2.52818
9.25073 11.1028
2.43 0.471741
7.03064 1.66553
1.52052 7.32111
7.06185 1.19359
10.7519 0.453898
6.07792 10.0666
6.28221 12.4621
6.66234 5.21804
2.81874 1.30536
11.0343 11.1199
2.01836 7.18305
6.08121 12.4847
5.86011 10.3209
7.24795 9.10046
11.283 11.0035
11.0754 5.49944
2.99388 5.41666
6.52134 7.87146
6.04763 5.69444
9.22349 0.469632
3.93362 2.19809
2.99921 10.9046
5.19517 1.45649
9.21631 11.9744
10.8447 10.8497
10.9329 1.16584
0.657512 6.42487
8.10583 10.9189
7.13501 1.70721
9.55344 5.48542
10.9504 5.14384
3.55772 7.33592
4.67562 5.16646
9.7533 4.79424
9.44348 0.355443
2.66079 11.0424
3.99097 5.6981
2.04914 2.15247
4.99643 2.9209
4.84336 2.49212
8.572 9.17103
5.88112 10.7032
6.69689 5.99237
0.185675 10.9756
9.73931 0.135204
8.72347 5.33891
7.94659 0.311755
10.6193 4.12915
2.0718 1.7406
3.8728 4.20203
0.149957 10.668
7.56289 2.22509
6.15027 10.6162
0.912 11.793
7.83646 0.662154
10.4257 4.51797
9.31114 12.4205
8.48311 10.4884
6.00464 9.4287
10.8893 4.11558
9.16924 10.9987
10.3227 1.8669
1.28646 9.81595
2.32684 11.3879
3.12903 11.658
4.15784 0.835966
8.52684 0.134338
2.72868 0.752781
3.48244 7.67319
7.59865 9.49136
10.0301 4.2826
0.814685 9.90183
2.7158 11.401
5.1856 1.59465
6.17139 11.5028
7.28128 6.18927
1.81622 8.36003
4.50817 0.984001
1.78239 1.27704
2.49972 2.31038
3.48401 6.2858
6.83577 8.82302
1.42885 9.67817
10.8627 12.215
2.3546 6.58811
6.90248 4.79075
8.98178 11.1982
8.66878 1.31125
3.18835 11.3985
10.1266 11.3674
6.08228 9.80555
4.16698 5.39411
9.52006 9.83467
4.30536 5.83441
7.86815 4.92951
0.377689 10.2739
0.595178 6.14244
1.23887 6.0497
5.12611 5.07425
4.14693 1.96422
6.7583 4.4981
7.91425 9.83932
2.66631 1.03972
0.952329 5.45367
3.87455 1.761
5.09936 1.24331
9.15158 11.5144
3.99774 5.36936
11.2696 1.18439
1.67438 10.418
3.89701 4.96354
6.07474 9.6698
6.82854 8.58565
8.37832 4.71108
11.6352 5.59167
3.28988 2.55541
9.4473 12.1605
3.08428 11.7454
1.69592 2.36291
7.31946 5.56566
9.80559 11.084
9.23553 4.57937
11.8241 10.0907
12.3396 6.4251
10.6597 11.8978
10.78 11.0557
8.84154 9.94657
12.0316 2.568
5.29098 1.6227
3.5168 10.8248
4.84745 1.16176
6.23829 9.39843
8.2615 10.0114
0.491977 6.3498
0.841032 5.73524
4.41067 4.93815
3.27633 2.99382
2.32441 11.8321
7.44334 5.42325
5.21303 8.90737
1.09449 10.9718
7.64203 0.954036
12.2283 10.9219
11.3753 11.9093
11.7727 9.65559
6.27298 11.2849
8.07366 0.264744
7.19999 6.91356
9.43641 5.51296
10.2134 4.10445
1.73127 7.17695
5.80706 4.78389
5.08682 10.7293
11.1399 10.8289
3.63485 7.26185
7.51123 9.69799
3.77139 7.33967
12.2906 10.0464
4.03541 2.31075
12.1681 2.87287
3.59071 1.61917
7.67836 0.272125
9.81805 12.2169
10.9663 9.81621
7.70953 0.289209
3.79663 1.90745
3.84306 5.94286
7.79234 10.2947
5.75615 10.5596
10.0205 10.4306
10.2367 1.05824
4.48931 5.93527
0.202536 9.80163
0.43706 5.31723
5.2889 10.8347
11.7891 6.38476
1.44711 10.1055
2.01869 7.36158
6.48872 10.3808
6.28213 9.31336
7.63204 4.50184
5.28672 4.95078
8.75615 5.70285
2.18395 10.8052
11.355 1.63034
4.42074 2.96493
0.545346 6.66541
8.18498 10.3191
10.7557 3.33168
0.49517 6.05695
4.55669 5.19716
1.69609 11.1453
8.058 10.0835
3.18587 4.89379
10.9973 3.14945
10.0744 4.40384
6.2133 8.78037
3.49629 4.1222
7.47217 0.700601
2.64633 2.494
6.96504 7.39576
12.3315 5.73619
5.48912 2.50371
2.61393 0.565394
5.45294 10.7852
10.7244 9.87178
11.0085 4.32532
6.37661 8.46374
11.1675 9.9387
4.63876 1.61235
1.36832 2.41668
6.23711 9.28445
10.5649 4.58776
6.09963 4.66831
6.80193 6.54583
10.9703 11.1167
6.13289 8.78921
2.2307 0.883937
8.98723 5.56863
0.0328751 6.40748
3.54281 2.07826
5.27348 1.79302
9.61689 4.62321
7.65846 5.77916
11.1176 5.4605
9.5594 6.39996
2.83264 11.5088
9.67145 10.8967
4.97443 1.39985
4.50989 0.954838
0.798236 5.76259
9.64002 0.993471
6.54031 4.79049
6.49219 6.70771
10.2123 0.710014
9.86262 11.018
1.5406 3.90639
2.01645 1.2701
3.22053 5.87407
10.0738 3.93595
1.54488 6.6425
1.77964 8.86021
2.14307 6.91018
6.74095 8.94673
11.1696 2.76682
10.4161 5.26552
12.2904 5.43109
9.77235 11.6972
3.00796 8.88299
5.64748 4.72434
3.49847 6.42473
1.22591 5.9077
5.68514 4.5439
8.64271 1.55925
1.40784 11.517
1.30405 1.82471
3.28827 11.7001
9.15761 11.6441
10.4898 0.948413
8.48593 5.1799
0.563026 10.6904
7.69787 0.182208
9.8717 12.2002
5.7485 12.2668
10.616 11.5624
0.691747 5.32438
7.79836 10.2109
7.73474 9.40926
7.49519 6.21901
6.8838 7.86667
2.61114 2.4293
2.35725 2.20788
3.82903 2.67643
8.21503 0.872682
6.59755 4.35284
7.53607 9.16181
2.62796 0.861266
9.99612 5.65536
11.3688 1.62825
7.68719 2.22822
3.59151 4.90059
6.65078 4.47191
0.236198 11.7591
9.03124 11.1694
3.50655 11.55
3.06638 11.352
10.083 6.14121
3.54573 6.90738
8.70809 0.217758
8.16328 4.96584
5.96108 11.6559
9.89744 5.2702
5.13799 2.85322
12.1377 6.15866
6.62906 4.90397
5.75284 5.2915
2.16876 11.411
10.7189 5.16571
10.9518 10.4836
4.56471 3.04249
11.3417 5.73407
10.3328 11.7641
0.360874 4.74684
8.8819 4.62087
5.04159 1.3356
7.32563 6.80949
1.18593 6.71099
4.66831 2.86931
11.3185 10.2907
12.4059 10.7852
1.53358 8.98475
0.603012 6.234
5.87568 5.48048
3.44392 2.05691
1.44562 9.48128
2.54234 10.9189
4.99031 2.2844
10.1178 1.28211
4.08079 1.2154
0.569192 5.19048
1.40386 9.01941
2.83102 1.20415
10.4016 3.4954
2.47328 11.3309
2.40019 11.0738
11.8681 5.7393
1.611 2.12725
10.39 10.8117
1.26564 10.5919
3.22179 5.79072
5.8619 5.03346
10.7401 9.8571
6.34332 10.1477
8.81727 6.30374
6.3205 4.34792
3.20114 5.94358
5.96279 12.4818
2.71187 10.5872
10.3232 4.03596
10.4471 10.4678
10.9193 10.0313
11.3474 5.53767
10.9048 1.41992
3.19388 7.31477
5.75876 5.02588
10.7639 3.30732
3.39953 11.6269
0.828722 6.65573
11.5002 10.3105
10.3964 10.8168
10.6747 3.77456
10.6432 2.44712
3.09533 5.76291
4.13806 6.73792
5.54558 3.35801
1.28627 9.62631
3.61314 5.36757
3.59163 5.24667
3.6937 5.73078
0.554063 6.78926
10.9337 4.24615
4.33181 1.31853
0.505947 10.944
3.8585 1.384
5.15228 4.87949
10.643 5.09286
11.0243 5.14627
1.5252 6.28421
4.31485 5.63422
11.6179 11.1246
12.0759 6.08023
7.64434 0.986392
0.811119 11.4423
11.7787 10.1813
7.42118 4.23296
1.91473 7.35004
10.8519 6.02828
10.6342 9.81426
5.33751 2.32871
1.81622 8.75516
5.97975 10.9177
5.58289 5.63075
10.6415 5.20204
4.4108 1.07041
2.44718 1.56864
8.47234 1.0833
3.30407 4.67225
5.78424 4.56943
10.4252 4.24929
9.03719 5.37832
7.28463 7.21271
10.388 4.13313
11.7889 10.0678
8.79513 5.73522
7.14469 1.51545
7.23919 5.53564
5.36405 5.00618
8.8148 11.4958
8.85482 0.821079
11.5533 5.9409
11.8641 6.30687
10.4485 3.43991
5.99349 5.34259
6.88556 8.33637
1.33232 7.53177
2.01519 7.96969
10.7996 4.36494
7.13373 4.75867
4.50642 1.78259
6.71501 8.04131
1.31116 9.05664
1.10745 5.41679
3.37526 7.09028
11.4179 5.32158
2.59032 1.19639
3.04306 11.4525
0.766933 11.828
10.8962 2.88435
3.83448 1.59913
0.927106 7.33532
6.26703 8.20098
8.1202 1.61728
6.88625 5.3248
2.07054 8.54759
3.64635 4.01609
2.25222 11.3757
5.61217 5.51403
6.70933 5.87046
2.5794 0.234353
10.2483 9.46502
6.66067 4.55519
2.56952 2.69341
11.3427 1.87424
10.9956 2.42567
11.403 0.879225
0.680737 12.0218
1.62701 6.52724
12.473 5.20673
7.8283 0.584082
10.7849 10.8804
6.5366 5.69875
4.44802 2.7283
9.6464 4.41557
3.1854 4.70932
4.14502 5.59438
1.94484 1.41476
0.1099 10.7744
3.90346 12.4954
11.1368 2.60127
3.35578 7.71144
4.28896 2.7834
3.04826 5.87059
1.48781 5.44549
1.26653 5.40836
1.91395 8.3289
10.4332 9.90967
2.43417 2.73174
5.55679 5.29108
11.309 11.6617
6.52914 9.01119
10.0828 12.1727
6.58446 5.10005
8.52277 10.7956
11.2341 5.20088
1.72279 7.2025
6.36052 5.48036
0.19686 6.32067
6.46462 7.33024
6.89756 6.85146
6.60721 7.92634
7.3296 4.37863
6.30118 4.66193
0.784648 9.54446
6.17635 9.2865
5.84233 10.5444
1.53974 6.28876
9.42974 10.4608
7.60452 4.79171
1.08569 6.10031
3.83128 1.42681
8.44598 5.90058
11.2162 11.133
6.47403 4.88478
2.87905 10.7446
3.39221 11.7356
11.2277 1.25464
6.7322 9.67221
3.47496 4.42156
7.82438 8.95593
12.3621 2.09982
9.30911 11.935
7.61045 9.79907
0.679463 5.32329
4.01601 3.23771
1.50646 6.29097
10.2044 11.2453
6.05051 5.70519
10.9888 2.5143
3.46599 11.4791
12.1189 2.4215
8.08029 1.45635
0.423096 5.16039
12.0953 2.92521
10.2991 1.8657
7.0247 1.29206
3.51842 5.05225
1.80067 6.9335
1.15707 7.49601
5.15399 12.2105
9.45507 5.16536
9.11228 10.7332
4.21236 5.90081
6.71802 7.61397
2.56237 10.8918
1.22661 6.76859
10.4092 4.3513
0.450724 6.01107
1.19259 5.52341
4.15306 12.3985
2.62582 2.08164
1.68121 2.57526
4.27638 1.30518
11.2424 2.41627
7.3745 8.03047
0.245592 10.8057
9.03145 1.21774
9.4666 11.5239
8.87199 1.32693
10.5791 5.1805
4.22834 4.26751
11.7828 2.91004
3.32812 5.19737
4.17423 1.72882
6.47429 7.82903
9.404 5.53606
10.2777 12.3067
3.30941 4.58327
12.1562 2.41285
5.88847 8.80165
11.9265 9.87495
10.8841 4.39978
0.695084 6.92311
7.35993 1.54822
7.25827 0.383481
10.8775 1.32581
4.17418 12.0167
7.49005 5.15828
5.33028 10.7511
6.09083 11.7564
10.0853 12.214
2.68509 2.76472
7.8279 0.660874
2.61807 1.65671
4.44427 1.49037
11.0495 5.5093
7.46109 0.368642
3.09797 1.27825
5.62321 10.4161
10.1099 5.27022
11.735 10.4338
7.05281 7.60599
2.77503 10.7165
3.57278 6.57671
3.57484 2.88764
7.39903 4.54751
12.1343 2.79928
1.45801 6.40449
6.8527 6.16991
1.23265 10.243
6.20795 10.7582
0.500342 4.71397
0.0425133 6.00556
1.87371 11.5614
10.753 4.81519
5.65259 10.7603
11.453 10.4402
5.09947 4.96887
12.3473 5.14647
9.75294 9.62649
9.99254 11.9008
12.4663 10.2946
3.71228 3.99613
7.61596 0.495967
3.36438 11.9077
4.93307 2.51279
3.51275 1.63641
3.6954 4.48974
9.88027 0.0229164
6.50892 4.51241
5.5631 12.1733
1.95346 7.16005
10.0663 10.7576
12.3012 9.71047
10.3792 11.1959
10.0394 12.0997
10.7473 3.30911
6.5216 8.87222
0.240059 10.127
10.5795 3.89933
10.5285 5.28885
6.67275 6.6354
3.46374 5.50653
0.577649 5.31827
11.4695 1.33167
5.79257 11.4403
3.76252 1.99292
10.0692 6.25596
8.68815 11.061
10.2916 11.0303
10.74 1.61103
10.1923 4.91065
12.1891 1.87698
4.20081 1.14676
3.48923 7.87675
9.09265 5.34737
11.9245 2.50573
3.56652 11.1899
10.9961 1.46062
10.3143 10.1365
4.59302 5.20389
0.343626 10.9805
4.05239 1.05082
6.76697 7.40019
7.98604 0.596361
10.2606 1.04122
2.3234 11.0009
10.8338 0.570782
0.291708 4.67393
12.0151 10.6505
2.0079 0.983428
6.7116 8.47378
4.63495 5.31716
3.3034 5.33981
0.0630595 6.69963
4.01289 4.18984
7.43713 8.87424
6.68361 8.42455
10.2707 0.908849
10.0006 4.17199
6.81447 4.87402
10.8599 12.4625
0.975359 6.67739
3.10876 1.8757
0.480811 9.9026
0.44892 9.40912
3.74114 2.35066
0.520658 5.65124
9.09539 5.35857
5.46609 11.3336
8.92626 11.2765
10.0279 0.951473
1.67253 1.69514
7.40127 7.63484
8.30996 5.11749
1.248 6.68976
6.07877 5.45426
11.0816 1.13639
6.22247 10.1793
7.10256 7.5051
0.420328 5.58734
6.70269 9.81256
11.7634 11.3236
3.50469 8.44978
0.683856 11.1702
8.93396 0.308257
10.0795 10.4653
9.66121 5.29948
2.34037 1.29409
0.996123 5.53791
5.91447 8.60703
3.25294 5.83337
2.95496 1.92151
1.33106 1.51616
3.08589 2.17861
4.10263 4.81263
6.63838 8.28233
8.76845 10.8848
11.4166 1.86788
10.8799 1.97727
10.1817 5.42933
4.09775 4.80797
6.81074 9.05186
5.70537 10.3151
8.54101 0.918193
9.21124 10.8806
9.53889 10.5631
9.52203 10.9885
7.40216 8.76592
6.23276 10.3297
4.09882 4.85814
6.5608 5.01301
3.65533 2.85142
0.921438 9.82168
0.314672 5.9935
10.3324 3.55399
2.0249 1.54135
5.73929 9.59648
5.00839 2.02457
11.3692 10.2844
7.19946 6.91255
1.0278 6.51044
6.29258 4.45031
5.97456 9.93619
10.3364 5.23523
8.03843 9.49033
0.30202 11.7324
7.28221 7.2936
2.65376 2.48443
4.96902 2.92291
5.73573 11.2317
3.01378 10.9616
11.0764 9.99779
1.10169 5.21816
2.9003 11.5395
11.7055 5.12185
3.33965 5.37058
4.07977 0.907878
1.71679 6.2036
5.91541 5.99206
1.49108 9.35909
4.80219 1.86568
11.0104 2.10722
9.0918 5.76161
8.54342 0.693758
5.61345 5.34602
0.99069 10.668
9.20621 1.291
8.93085 4.65105
2.2878 11.2502
1.90324 2.60605
8.66888 5.15674
3.85641 4.41638
7.15289 0.65302
8.1196 0.873064
9.38272 10.3569
2.85332 11.1932
1.91571 11.4937
2.8273 10.879
8.40819 9.57269
3.34436 0.865825
11.4482 9.41542
5.9516 8.43572
4.0248 7.45791
6.42746 2.66764
8.15528 5.40845
4.05269 7.46019
4.98047 2.85094
7.95824 2.17723
6.4276 7.41614
2.78741 4.30068
2.47707 2.55204
10.4272 2.04148
12.3742 6.09417
8.02595 10.404
11.1356 2.88449
4.29487 4.23595
0.847807 5.7156
11.9989 5.33025
10.3828 1.06915
5.45116 4.90766
3.3724 6.50671
0.548287 12.4839
5.18345 2.75508
2.08345 7.14043
5.58801 10.8008
12.4407 5.53448
5.96421 5.41703
5.34685 11.2013
7.86486 4.46528
3.20648 2.5294
3.36097 2.22086
9.40072 11.1248
9.49013 0.755158
3.15261 11.8775
3.27369 4.86186
10.2285 11.6851
6.99467 5.06075
12.1506 6.19489
10.0739 4.61984
3.90677 1.13972
11.7713 3.08385
5.89279 4.53265
10.6674 3.63476
2.78354 7.83057
12.365 2.10724
8.46939 5.77076
5.58607 2.39831
11.7318 5.50164
7.34996 9.84759
1.16239 9.4688
1.6947 9.45771
9.18671 5.13578
5.67845 5.36921
10.9869 0.767047
0.331612 5.7808
11.7936 6.26042
11.4075 10.2604
11.0878 1.07166
11.61 3.13162
10.9956 2.80829
3.2338 10.7205
11.7623 11.0561
1.71098 7.516
3.69495 6.48456
2.23977 7.06856
6.78487 8.94955
7.96655 10.2993
6.32027 10.4873
0.558504 10.2004
7.52984 10.0366
10.5272 11.4743
3.49548 4.12791
10.3373 4.43441
2.6597 1.04961
10.9783 4.29477
1.02427 5.35712
6.51432 5.0118
5.77121 10.8356
1.92142 8.87571
7.99183 1.24839
6.91853 4.49263
10.9724 1.657
3.39907 2.18157
2.08871 0.534387
10.0038 10.3071
3.83022 4.21712
1.89374 10.8661
3.05838 5.63033
10.0915 4.25829
10.2336 11.5398
3.64601 4.29092
3.57985 5.95774
3.35804 5.75541
6.77852 7.00942
6.50891 10.7139
9.41676 4.95358
7.34027 7.64986
9.33974 10.3726
2.30735 10.6274
1.70988 11.0736
0.998101 12.07
11.8376 1.36028
11.1865 10.0832
8.1796 5.02158
1.40783 2.56796
3.15136 5.31738
7.27781 4.60151
2.04294 2.35702
9.15089 4.96988
1.34698 6.50663
1.76954 9.04127
5.63211 12.2205
6.61598 8.75185
0.977928 6.6495
1.82714 2.52031
2.82875 6.13989
3.89603 6.88393
5.28421 2.32689
7.02795 1.39385
7.60805 6.05313
9.49703 10.6628
7.81698 2.00617
8.22521 5.12242
11.9436 5.90831
6.45326 4.49704
2.38 10.4509
6.10674 9.82042
0.330286 9.96882
4.3294 5.1389
5.53237 12.1958
7.49083 0.198359
3.98455 2.67581
5.30611 12.2823
6.93707 5.20448
7.0294 10.3213
9.6789 11.4037
6.68818 2.91866
1.22185 6.52157
10.0197 12.1377
1.26373 6.19674
4.04926 2.134
8.90806 7.71555
10.7363 1.42587
11.5011 5.68753
8.11656 6.3772
8.66478 5.31226
8.4808 5.42696
4.99191 5.03218
2.40704 0.589592
1.82464 10.898
6.69182 8.05903
6.89745 6.28029
5.0646 4.50823
8.78301 10.9712
1.42035 2.28397
5.99384 10.732
5.01902 5.71355
10.0712 5.77125
3.44062 11.3297
5.01327 5.35882
0.0439986 10.0388
3.9122 2.98207
11.5543 1.77317
1.00653 6.16697
3.35439 10.2967
10.9211 1.07526
1.72703 2.65249
6.29247 12.1765
9.66193 0.587614
8.99932 1.46458
7.93772 4.90347
10.1018 3.87316
7.28369 8.92053
12.0941 2.15804
3.48472 11.0436
6.91071 5.65506
6.5203 7.37785
0.694559 5.59495
3.47947 6.05659
0.52613 6.94444
11.8768 10.3584
6.91437 9.74347
4.70678 1.44043
7.50834 10.0631
6.27367 11.7746
4.33837 1.48592
2.04819 11.4304
0.56284 10.7305
3.32224 6.13198
7.27478 0.463712
2.17445 0.426463
0.264457 11.5749
7.80411 1.56862
7.23957 4.99179
7.95299 0.49376
7.28027 5.5373
6.13193 4.34831
7.60527 1.34009
10.2142 0.908233
4.16421 3.41002
1.39144 2.08577
11.076 10.7929
10.5541 1.87471
9.06302 12.0512
7.93724 0.832398
1.03839 7.30809
7.80064 5.89178
0.733177 11.2758
7.29513 8.27625
11.2661 5.59741
7.9324 1.80055
3.87177 2.13649
10.7899 2.51187
10.9385 4.2269
0.0661185 12.1905
11.174 10.2426
11.5072 6.00978
2.40846 10.2629
11.7438 5.60059
7.56 4.57406
9.37311 0.852592
2.27681 0.91871
5.49416 12.0369
2.75186 11.6046
6.13094 9.18902
8.46511 0.610121
1.66438 7.73365
9.15876 10.8007
4.70964 2.91211
12.3844 5.55009
5.07927 2.67756
0.607992 11.4412
9.59615 11.907
2.29941 8.30845
7.06845 1.41778
6.53507 5.96537
9.1375 10.518
3.84876 7.58706
5.19493 4.87896
12.2927 2.90645
5.89182 4.82316
2.47669 1.32431
8.88136 0.0360176
9.41247 4.71695
1.63567 2.59105
4.25801 2.44232
2.04183 7.58116
0.0575587 9.97782
6.65237 8.87983
3.54225 5.26119
5.78606 5.11548
11.4795 5.32185
1.86651 11.3256
10.9535 2.37877
2.87058 2.04334
5.25391 11.836
0.0530553 9.67404
0.476386 5.44313
3.90618 3.59688
8.30713 1.46868
3.42228 4.26375
6.30257 4.87017
11.6812 2.42664
8.59376 10.7512
9.30775 12.4513
6.75501 7.8417
12.2288 2.31668
6.31909 3.85098
1.73715 10.4209
8.24574 5.39368
12.4444 11.0819
11.6993 5.28788
6.83661 10.4607
0.297794 11.3852
9.79771 11.6012
0.291439 5.45906
2.54275 9.31611
10.6585 5.43668
11.6881 5.87748
12.013 1.88631
8.33195 4.52686
11.2765 2.28311
0.301151 10.2418
4.03045 5.89051
0.158277 10.6927
7.80998 9.97732
11.076 0.537592
7.00247 7.35623
0.109072 11.0759
10.5802 10.3639
4.38285 3.67806
7.72131 5.09501
4.2727 1.71157
3.10769 10.8818
11.9146 5.31783
4.55483 1.86117
10.6411 3.22481
3.51248 5.16617
0.824238 5.15336
11.5853 10.3512
8.11382 0.706026
6.76046 5.09021
12.4586 6.18868
3.67229 10.3293
4.66764 4.70853
6.20695 4.92149
11.7112 5.45602
0.935311 4.90008
10.4113 4.76709
3.78183 5.52634
4.38104 4.3568
0.767116 10.901
7.0121 8.49967
4.3321 4.17445
10.8953 4.98568
8.65752 10.3011
3.88977 4.43533
8.82606 4.92501
12.1563 2.14723
9.72991 0.338925
2.38802 10.5545
9.29836 10.419
7.11564 5.64283
9.7818 10.458
3.21566 4.56585
3.97161 5.95229
9.69143 5.91564
3.16599 6.95689
6.92979 8.29923
4.17953 6.60341
0.0952134 12.4931
12.3602 6.11948
4.19908 6.31488
6.3162 10.9991
11.1245 2.10516
8.39649 6.0306
2.22402 7.38517
2.63169 10.8305
3.00246 1.36327
11.0659 5.68045
3.43228 4.65456
7.00563 6.6339
2.24736 6.94887
11.3582 2.26504
1.33855 8.63153
1.97966 2.51303
3.53435 6.71575
2.90118 10.0391
8.20833 0.447931
12.3819 1.7454
11.3949 6.27665
5.99373 10.6409
0.309044 9.89535
11.5034 2.36946
3.8925 4.27039
6.68241 5.52109
8.07893 10.4488
4.41832 1.1599
6.40718 11.9368
9.98959 12.2245
4.72485 1.94306
10.637 10.9651
7.7592 0.48563
8.61071 10.1863
10.0906 4.93081
8.41343 9.94947
8.11335 0.476125
2.29067 8.4133
1.78492 1.25932
1.3798 8.61445
11.4031 5.79612
7.84253 3.26367
10.9227 12.3823
7.00303 9.10729
10.8968 1.35155
5.39302 5.11135
2.39934 2.06861
1.89516 2.08978
2.50903 11.8018
5.5021 11.0015
2.6364 10.8787
1.26653 1.61753
12.4612 6.12011
6.98792 6.17333
10.3704 4.54338
10.6655 3.846
0.0627169 5.14808
0.917914 6.52655
3.17667 12.1749
7.39307 1.83006
1.07766 5.37878
9.13895 11.582
6.35666 10.3981
3.08433 5.47285
3.22791 11.7954
6.45121 4.82663
0.595657 5.21567
9.59289 4.95415
10.586 5.18314
2.40024 8.1068
9.51079 0.774584
5.52411 11.5011
0.0326705 6.67456
2.20051 4.39726
1.60256 3.97135
6.1626 11.5034
2.63612 7.82958
11.8769 3.07178
5.35667 11.0551
0.419165 10.4625
4.06094 3.02397
3.30542 11.4479
5.34126 2.28951
6.87625 5.07656
5.16327 11.1588
5.8419 11.5182
8.22366 1.50073
5.58003 10.6424
9.69037 4.72776
4.80062 2.21886
9.89378 10.5901
1.33645 9.21839
3.51364 1.43129
3.65324 2.64143
12.0163 11.3415
5.45584 5.66176
1.94362 10.5899
10.4609 4.46227
1.72585 8.36003
7.80726 4.48167
4.18243 6.12829
6.0107 11.7296
5.63158 12.2212
0.695585 12.3356
6.77491 5.60355
7.64077 9.78601
6.48104 5.66853
10.9847 10.3257
10.7399 2.38085
12.0376 6.07651
10.0009 1.01941
5.76756 3.55895
9.3855 12.0459
5.13784 11.9691
11.1303 0.591836
8.01168 10.1304
3.94796 5.69467
10.6778 11.458
8.48045 10.2477
4.79071 5.23273
2.84516 7.77072
3.8365 0.81334
11.2719 12.0547
3.75509 6.47277
1.94836 10.8033
3.70094 5.82109
4.2577 3.25715
8.90288 5.20551
5.2808 5.443
9.90521 0.963529
11.3642 2.81844
8.29206 9.68731
3.02459 1.63264
5.75186 10.2537
2.31188 2.09808
2.44671 7.88793
7.61074 6.22055
8.78333 1.02159
8.8331 4.44591
11.8736 10.6677
8.47426 7.45446
3.30162 5.24561
0.237104 10.5468
5.32063 12.1181
1.53998 5.93393
1.29189 6.54392
9.19869 11.9166
2.97594 7.09109
5.48679 10.4526
7.19983 6.96849
1.30929 10.3691
3.16753 10.5856
10.5025 6.1325
8.77511 1.43201
7.53009 9.38287
2.24875 11.7577
5.92143 9.8852
1.27254 1.77861
1.2369 6.654
0.867298 6.53325
10.1796 11.4694
0.713626 5.75987
2.0656 8.52795
6.17446 8.6703
11.3168 10.3119
7.62743 5.95982
1.83205 5.01842
7.19349 8.17067
3.97018 7.69624
9.07065 11.756
3.4549 9.1024
7.03909 1.47764
10.1363 4.16835
10.1308 11.7401
2.21867 8.20489
2.72453 10.7631
3.39143 6.5112
3.24847 11.178
4.01384 6.41112
7.96248 1.77772
12.2925 11.109
10.9467 4.98501
9.58735 10.9353
5.02942 1.84332
12.0525 2.71906
7.3566 7.47148
0.9431 7.20289
3.72011 4.44748
11.3377 1.59213
6.9575 4.91656
0.621873 6.75792
9.45046 9.53293
8.16472 5.48932
6.25831 8.28517
5.33128 1.9618
8.03292 4.41432
11.2054 4.81361
1.79713 8.6072
0.275862 5.80379
8.63923 0.304444
10.4155 10.6063
6.67727 4.91079
3.83975 0.996135
7.62305 9.41319
6.31278 11.2103
6.8141 9.93952
7.00877 9.48328
10.6137 3.75883
5.98835 12.3608
4.46664 3.28749
7.92662 10.1016
3.72155 0.994253
2.76086 1.07824
8.93861 5.5284
2.24953 8.00406
5.93192 10.0522
5.49094 3.75947
2.47847 0.990181
4.3519 3.7173
8.78509 4.72835
10.809 4.12775
1.67067 8.49048
6.22647 10.1596
11.8818 10.6758
4.79828 2.93704
11.4987 2.81305
6.04097 9.24127
10.6942 4.6384
7.64448 5.28533
0.459279 6.23233
9.78848 10.324
3.13444 10.8057
11.79 2.96712
10.442 10.2709
1.37024 8.62537
5.35472 2.03341
0.0773592 10.484
0.188785 10.0283
5.21799 12.2736
11.8018 10.9696
11.6258 5.2414
1.90953 10.9044
7.83639 0.558518
1.24776 9.34439
1.3236 1.79435
4.45365 5.34249
8.59218 9.77645
2.4261 1.06094
0.427543 11.9784
6.03793 4.28162
12.0501 5.35454
11.5282 1.43646
11.5805 10.664
9.08796 6.39866
2.61796 8.66981
9.81886 11.9064
3.91327 6.34395
9.69463 5.77622
3.93559 2.36418
4.68319 1.98879
0.316104 6.33238
8.42334 4.62284
11.7536 2.28029
7.98459 9.78343
6.56447 8.73125
0.12151 11.0935
7.77296 9.51889
8.04417 10.4954
8.55769 10.1106
3.41942 6.19675
3.56523 3.31667
7.08173 7.71629
2.70592 1.96059
8.94767 11.7938
9.821 4.1738
7.77548 0.183255
1.74719 7.04556
1.66634 7.74857
8.82901 0.16111
0.148103 11.6049
3.98245 1.14789
11.8266 6.0379
12.0045 5.78206
3.4044 5.39586
12.4399 2.86875
3.06832 5.79728
2.22098 7.00522
1.88095 1.66522
5.04544 2.10341
3.0026 11.6734
2.37775 8.49223
9.36739 0.410622
3.23235 8.72412
8.22613 9.98167
5.35452 5.64905
3.15428 2.62551
9.6504 0.0150406
9.8252 11.3351
11.5832 11.0745
4.66197 1.41323
7.69196 1.33795
5.48999 11.6868
0.616103 9.61972
6.27966 10.3871
11.618 2.02221
6.16701 9.2633
3.34479 6.47382
11.6 10.9466
6.96796 5.26645
6.18413 8.17215
1.1488 1.83234
7.367 1.28765
9.76031 11.685
11.7041 6.26101
10.0375 4.53754
1.82463 1.60526
6.86381 7.50222
12.1887 10.226
12.4445 9.47771
0.319874 5.60808
6.07992 5.51688
2.97839 10.7988
3.8001 4.90748
7.52406 9.0484
10.0785 11.8197
2.67843 1.77502
10.7884 5.75338
5.15312 2.42747
9.08173 0.640443
3.20432 11.464
0.420808 11.4159
11.0631 11.096
5.53038 4.82646
8.4627 5.06583
11.0144 11.3971
11.3039 1.21375
6.85762 6.53555
2.28212 11.6995
10.5046 9.44552
0.152016 5.309
12.087 6.21848
3.60579 4.081
3.17147 0.990365
10.4303 11.0689
7.92108 9.93135
4.10205 7.17073
10.3847 3.79213
9.99898 4.78002
2.3281 7.62833
1.40973 7.2315
4.25917 2.1993
10.9523 5.21605
1.87056 7.13582
4.977 5.31127
3.74758 4.0297
8.54423 1.23408
5.0841 4.50095
6.78682 4.38429
0.443437 11.3724
2.00012 0.80529
3.14668 4.69496
1.3661 10.4417
9.26955 6.11409
11.3425 1.03635
11.0653 5.46521
4.97129 12.3786
3.58232 5.07849
1.30352 2.24122
1.82277 7.25893
0.205762 6.74685
6.48286 10.5679
3.14878 5.47582
1.50271 7.61639
1.67559 7.06473
6.87814 6.84692
6.39127 8.97227
6.32274 5.49096
0.116599 9.89398
7.12069 8.45106
7.99731 5.54883
8.19121 9.5975
11.1253 5.3873
9.52404 12.472
7.37279 2.11723
6.52412 10.5848
2.08951 8.67669
5.62852 4.88242
4.38606 1.54001
9.62388 4.91804
0.111359 10.3531
10.9125 10.0899
11.4126 5.65826
2.03514 0.930579
6.1251 10.6324
6.1583 8.56563
2.26996 7.25919
11.5903 5.33123
3.87542 3.56773
3.99456 6.46383
10.4788 5.01477
3.54649 5.48424
2.75424 7.59498
0.393926 9.41251
1.97738 11.5701
11.292 9.91989
6.53694 5.46654
5.57961 5.3009
10.6047 4.57326
6.41949 5.8021
2.43706 8.12305
5.36724 4.70731
8.89801 11.7631
3.85188 3.7237
10.4578 11.1431
1.36139 6.53114
1.27543 7.66638
3.29004 0.94914
6.94774 8.46716
10.3095 10.8317
4.56544 5.28266
9.05222 10.1472
2.40362 0.966805
2.42089 7.15961
10.6968 10.6939
9.6199 6.22719
1.01044 4.98055
6.87964 7.7659
0.807062 5.35111
12.1461 9.68018
4.13485 4.79695
2.83227 11.7392
1.96492 10.7833
11.0373 1.76313
1.66731 6.3335
0.398198 9.75556
7.12431 5.44239
3.72563 7.52229
6.54045 4.84659
11.0882 8.60544
1.16662 6.41372
2.87972 0.823073
11.0048 2.77277
6.74375 8.32464
9.87837 10.3455
7.39889 10.2507
5.44858 4.74219
5.07454 11.4149
5.60225 5.58903
5.64613 5.51414
1.97217 1.2964
1.54428 2.48499
1.52547 4.04297
2.59664 7.94374
9.37981 6.1037
10.2765 9.98309
3.76056 0.601765
7.92649 0.495797
9.91269 11.2203
7.40207 7.8777
11.2108 3.07072
4.95989 4.76684
10.6246 3.06077
9.23379 5.17685
6.49661 9.08423
0.734893 6.77195
0.639423 10.7097
4.05612 2.11537
0.0114468 6.29081
6.5358 9.27756
11.1688 10.6188
6.97412 8.79152
11.1088 2.96024
11.4782 1.49703
11.8117 2.25928
9.01638 4.88943
11.8111 9.72645
10.8556 4.78688
5.98277 5.15665
10.7544 11.4938
9.71593 6.42905
3.86178 4.47675
9.12835 4.93343
8.4071 6.24338
1.25418 8.23899
7.414 5.13712
0.530767 0.674629
0.69404 9.82485
5.47847 4.92364
4.21284 2.44664
11.5843 4.9491
8.65555 0.0117545
9.70365 5.43053
1.8687 10.909
10.7359 5.7095
6.64494 4.47619
5.23115 4.79698
2.08625 6.80989
2.5987 10.945
7.29065 7.72753
7.68608 5.7037
2.00935 7.79629
11.2938 2.26064
6.54903 7.4156
3.38879 7.46002
4.7318 2.83549
3.56819 1.09317
8.04117 1.77778
10.462 12.1071
10.3045 5.88297
11.4225 11.5188
8.4615 4.84885
10.3754 5.4015
10.2662 4.48597
5.03032 1.26962
7.14123 5.12017
5.69311 11.8252
2.97912 11.2758
12.0722 2.24346
4.50644 5.66206
7.92139 1.03066
7.9336 10.0775
7.28407 0.877869
9.45462 4.79929
1.84637 2.51017
7.38658 1.67228
11.2785 0.913951
12.2567 1.6211
8.83439 5.86996
12.2973 10.6305
3.37521 4.61155
3.98889 8.71761
8.93678 5.2157
2.91861 7.9546
6.37277 9.00048
10.3234 5.33488
1.17607 5.82651
2.4858 2.23756
1.13677 6.08139
6.14443 11.8187
0.506392 11.2111
11.3496 11.6862
5.76787 11.4364
1.85331 9.73056
2.15326 8.46216
5.91709 11.2451
9.87552 4.73674
8.18756 9.81077
6.56608 12.4237
1.67911 8.36433
2.07435 2.11181
10.206 6.37326
6.79176 8.32147
10.8568 1.48878
0.897674 5.95111
0.0590966 10.0024
2.65331 11.6326
6.02563 4.58012
11.3425 11.5234
2.46324 2.63579
3.33715 6.85864
6.95117 8.64039
0.216984 10.2941
9.22246 5.66526
7.26779 8.35511
7.85376 5.66915
8.10511 0.68258
1.84067 7.34533
9.48538 1.32853
3.31901 2.53216
4.93016 1.93232
9.63702 5.83781
5.35556 5.43404
3.48991 10.7314
6.73949 8.88348
3.79143 4.86729
8.28902 1.02766
3.95311 1.18962
7.32266 6.9191
10.4439 1.75718
9.76419 4.99602
5.34603 10.4434
0.687921 6.26577
3.26449 6.72311
7.31127 4.14016
7.38095 1.05481
3.94017 6.14369
10.1101 11.4485
10.4586 11.996
4.12852 1.35191
7.53712 8.58737
6.82946 8.06931
4.77294 1.90795
12.3278 5.08629
12.328 9.83658
7.47738 5.89462
0.619556 12.0556
4.76689 4.85934
7.42419 1.8194
4.89945 1.63629
10.5909 2.31789
9.29528 11.1784
6.23286 5.08642
0.620122 5.54905
7.76806 9.27446
7.00024 7.21624
7.92104 10.3909
8.88569 0.076155
2.03349 6.87928
2.46716 10.8955
6.52273 5.10063
2.80213 11.2052
3.87799 9.29997
3.89966 4.22538
6.08052 3.7212
12.4218 10.1847
7.88377 9.63905
7.91224 0.438755
7.03631 5.07651
6.41397 7.72583
6.11107 10.0131
4.85964 4.96938
8.72602 10.6524
10.2183 9.96444
5.472 2.16579
1.60005 1.37298
8.50988 0.488799
7.23127 9.11505
7.60274 4.62946
2.41533 7.17609
8.96634 4.7338
3.88023 2.0286
10.3159 0.987769
9.55042 0.486286
4.65111 2.90162
3.44004 0.787481
5.98377 5.2636
10.0825 11.9198
1.9875 8.97026
10.9998 1.12137
1.98522 7.05128
4.48291 2.1211
1.0492 6.47022
8.25408 10.0076
6.65819 6.77943
6.3453 8.40801
2.17727 10.7502
12.2726 6.46136
4.28626 1.68464
11.4774 11.0889
10.7533 5.2471
5.35457 1.99321
12.3065 5.63741
0.0960202 5.35705
7.23211 1.67284
2.71179 2.72288
7.64287 3.77889
6.06749 12.4325
0.429912 5.30433
0.704083 10.0701
10.8974 3.35924
7.22946 10.2378
9.79418 0.174326
11.0744 0.591713
10.5094 11.2858
1.35517 10.7314
10.5332 10.3225
6.42606 4.99626
5.23217 4.87587
10.8402 4.29418
3.09464 11.3826
10.3225 1.09919
10.3722 9.95381
11.6393 10.6277
8.78677 9.97009
4.76437 2.26929
5.6888 5.28223
12.3682 5.64781
6.32149 6.28585
1.90507 1.95059
9.11218 11.948
5.83523 4.61713
8.68525 0.0808248
11.0522 1.21686
1.13187 1.98666
2.25644 2.3459
4.60554 0.944419
8.84338 5.12855
6.37094 10.667
6.13699 10.2881
7.11648 5.91228
11.6086 2.90249
9.46276 4.48126
4.1767 3.91487
11.4952 10.5268
3.16235 1.72789
5.38258 2.26367
5.71518 5.49079
5.14318 11.4323
10.7468 11.642
11.5456 2.46911
9.10723 9.76517
5.23931 11.5477
5.62151 4.77764
2.98592 11.2879
10.0284 1.23717
9.95985 4.38857
3.62442 6.28353
3.34361 5.01151
0.41646 6.23879
8.30754 1.06967
6.07309 9.54354
7.56407 10.0457
4.90646 11.5203
10.927 11.7586
6.70146 7.39468
1.67635 5.86617
5.49265 11.627
0.73521 9.73534
7.5977 0.791418
9.32974 5.57504
1.93737 1.11115
9.43813 11.7121
11.4663 2.036
4.05699 6.63977
9.47884 5.05259
10.0902 11.4834
9.62073 11.0752
6.33846 4.40629
10.5663 12.1511
1.7444 9.05196
3.13246 10.8835
10.0996 11.7748
3.89595 5.25351
10.2173 11.1843
7.48205 6.06578
9.3444 10.0499
10.3273 5.03931
9.31497 10.9214
7.80179 0.228496
0.565751 9.16583
6.80347 8.53135
9.17319 5.24342
9.84498 11.3156
4.27899 2.99617
12.3853 5.86606
11.779 10.9637
3.10969 4.98342
1.79998 11.248
11.0152 10.7974
4.14755 2.34772
10.8657 1.57182
3.57172 2.75598
10.6597 0.618372
5.83997 8.78097
1.4492 7.90433
7.70181 1.29032
6.61418 7.88051
6.81444 9.8354
2.72883 8.87064
7.02434 4.63882
7.93042 0.135137
6.25346 11.8845
6.50344 6.22508
11.4127 4.76152
0.327448 9.93818
6.25601 5.40154
7.41217 9.89637
9.49092 10.814
1.50589 8.32232
11.311 8.78081
11.9088 5.66177
0.441882 11.1183
6.69896 8.24005
4.26644 5.61704
11.2778 2.16135
9.45464 4.5388
1.33842 1.77438
8.29978 5.22047
0.241679 10.6491
0.328499 11.309
10.2888 6.00519
10.9207 3.59404
9.02882 5.31872
10.8747 10.9553
6.14731 9.55643
10.1894 5.06005
2.83575 0.795163
3.46067 10.9801
6.12519 8.05942
10.7363 4.9502
6.6648 8.18318
6.361 11.5225
10.6281 6.17366
9.15423 9.65718
5.88517 8.60172
1.48893 7.63227
3.69237 7.73051
1.36549 6.38977
1.11573 5.26911
3.49161 1.84237
4.11488 9.93977
7.62861 0.782773
7.76663 1.75897
1.42872 8.10676
9.87737 4.31614
6.689 7.28911
9.1974 10.931
9.47176 0.846877
7.80672 4.62764
8.76454 9.90298
4.22448 5.53873
3.67668 1.86426
8.47843 6.35284
8.40684 5.82669
9.28749 6.2012
11.2573 5.45306
1.90407 8.97364
10.3737 1.2386
10.4131 10.3384
3.39154 5.66395
12.0682 10.8805
8.92811 9.95757
12.1555 6.07198
9.82375 10.3263
7.66177 6.77158
11.3648 9.58404
3.34767 1.56663
1.89136 7.77053
7.29445 9.59413
6.16041 5.79385
4.91686 5.71479
0.172295 11.5636
0.81712 5.31427
9.23737 1.18629
6.53252 5.95221
6.16703 7.84357
11.129 3.3708
0.747184 10.4594
12.0247 2.94672
10.7629 11.3435
6.31339 5.90146
1.29115 1.37056
2.31122 1.04683
10.7606 2.85282
3.22864 1.83717
11.9928 5.69785
8.50303 10.3259
7.06645 8.44534
11.6248 11.4197
10.3046 11.2034
5.80676 11.4166
8.75062 11.1419
3.09325 8.74653
4.38039 4.7121
3.25451 7.10752
4.31977 4.98284
12.1108 5.47551
5.80223 9.96696
5.19357 5.35088
7.98177 10.1046
3.07003 2.59996
10.2927 11.0724
7.17187 7.96065
12.3634 10.5929
9.80094 6.0837
9.48512 10.5306
7.90792 1.78811
3.07279 1.93482
10.7042 9.56029
11.0895 0.716532
9.24286 11.5864
1.33307 8.56392
0.572052 6.64132
10.4097 10.0282
7.5963 6.04767
3.70973 5.21447
6.67201 7.53451
10.9521 0.757989
2.56981 7.30959
2.0917 1.15727
6.2403 7.69501
9.85436 0.432136
7.29833 6.94066
2.4552 11.5347
1.01154 9.90449
0.933082 11.5307
6.64595 4.34152
1.15954 7.19375
0.241944 9.77329
0.463422 9.74445
1.26282 6.08508
3.36511 4.93178
10.9344 9.5671
10.3313 5.03985
4.01472 6.59959
10.7183 10.5205
8.24347 0.204451
12.0644 5.5496
8.60555 1.2836
3.88594 5.81532
10.83 2.9944
8.99059 11.7071
6.33387 4.76149
4.7158 4.48694
9.03074 4.80059
2.17625 1.23598
3.28962 11.876
5.77365 10.7143
5.33531 11.8485
12.1004 10.192
6.47469 9.27143
9.50516 0.615292
11.8708 6.01217
8.97578 10.5201
7.49254 9.14405
6.5156 9.28466
4.21057 2.75104
4.46272 3.0687
2.43989 1.34125
6.61483 10.0318
11.3863 5.48444
2.62423 10.9563
0.539959 6.9155
2.17972 1.62629
11.0364 1.82714
1.02443 7.13221
7.72846 1.0283
2.16878 0.996156
5.17023 1.42991
2.82932 1.34213
4.55569 2.04114
9.88959 6.3818
4.40231 1.83318
1.83727 6.43056
8.44702 5.15553
10.9503 12.2853
1.7952 7.41379
8.02647 5.29312
3.89835 6.05238
11.1897 10.4809
8.28156 0.672542
4.70041 4.75427
12.1475 1.56497
5.81547 11.3535
10.4177 4.02683
11.0135 10.8871
6.49253 9.01976
0.220384 11.1524
10.4827 3.99123
3.95355 6.7662
1.99917 8.96524
4.25618 0.926124
7.73752 9.87269
4.56372 1.36802
8.34882 5.6298
5.42195 12.1659
5.46078 5.04831
11.4169 3.16624
8.10457 9.61359
1.41367 6.74504
12.2635 11.1408
5.96418 0.105308
9.0585 12.1057
5.77393 9.52405
0.596943 9.94564
5.13132 2.24349
1.50037 8.43123
11.5097 1.47297
11.9839 6.03273
2.86082 11.9159
3.6422 1.00992
11.9915 6.17642
3.97823 4.63589
4.82093 1.09077
9.4055 5.28451
11.9008 5.50256
11.8345 5.18579
0.36882 10.4735
2.85701 1.60538
7.03786 5.22379
8.77531 9.15848
2.02269 6.43514
4.2541 1.81797
10.6657 11.2203
6.39641 10.888
12.1341 2.10682
8.12604 0.489252
11.37 2.58004
3.59865 1.34113
11.2369 6.13923
2.75339 2.24585
2.92845 7.90027
0.631012 5.40242
3.91667 1.58062
2.30043 10.9741
1.58453 9.22122
7.79737 4.76152
6.32276 9.62916
7.96643 0.21513
11.1027 1.60618
4.32102 3.14108
3.43431 9.68281
7.9676 1.46617
10.8139 3.24026
7.11786 4.38975
6.84647 6.12703
0.995304 12.085
2.35078 11.0429
5.40941 10.4835
6.33395 8.00736
1.41964 6.00325
9.07466 8.38095
1.40319 1.73338
10.3655 5.17688
5.19426 1.88513
8.6228 4.68716
7.38925 6.57862
3.25652 6.36709
0.461392 7.09513
4.87451 2.83232
8.6663 10.3892
1.23031 6.51084
3.92148 4.91299
1.82973 9.14745
1.92458 9.10779
4.50559 8.52112
4.68111 5.39146
10.9903 4.50891
0.0113262 6.82991
5.22503 2.49752
10.4108 3.69633
1.42932 1.87876
5.1214 5.63033
11.0364 11.5113
12.4766 5.21684
6.57826 5.49553
10.749 10.5251
7.45353 9.82452
3.3757 5.57435
1.37268 11.0182
5.59474 10.8988
5.84648 11.6202
12.191 2.85946
2.58559 0.942228
7.42481 9.76057
4.11797 5.82122
3.58196 5.82785
4.75007 4.41653
6.00616 9.55214
6.19483 4.88659
4.57198 8.54201
5.91233 11.8508
5.98257 4.59316
7.46631 0.854244
2.12508 4.65293
7.21257 7.48705
9.31174 11.4309
6.87087 5.21451
9.00864 10.3075
12.2747 11.0598
5.80626 4.48115
9.85014 5.23739
7.51142 9.97716
0.200158 5.82547
8.97922 11.4048
6.57219 4.25171
5.95926 5.42365
0.27572 9.64449
3.58666 7.81085
4.78851 2.27318
7.39581 1.79864
5.65955 5.15684
6.46354 10.2616
5.01875 11.0906
3.91389 5.12285
3.56426 0.940624
5.53595 5.32417
1.65763 2.59191
3.66597 6.36354
7.62791 1.87135
3.40887 1.71165
1.39667 9.12884
10.8567 1.58305
9.25228 11.5739
8.65707 5.22883
10.4305 4.86854
0.796246 10.8736
1.89508 8.34984
7.0996 6.03265
7.93473 4.46231
10.2634 12.2813
10.2117 10.8468
9.78521 0.493673
6.84779 8.55984
5.02979 2.01691
9.32171 10.8766
5.44988 4.50832
2.2854 11.464
10.896 2.13039
0.543387 10.8224
3.65849 5.23837
5.02603 4.91737
8.30051 9.75243
7.58584 6.32765
11.4356 6.25518
7.36598 1.92183
9.06923 5.22257
2.75328 10.9895
6.53883 6.83425
8.38809 5.91055
10.7053 11.2453
8.50143 0.962612
1.12701 10.8206
8.00317 3.03953
7.93053 0.486417
6.02411 9.49201
6.29996 4.40497
7.60883 0.355409
7.412 2.11241
6.87013 4.51968
11.4701 2.66613
10.581 3.38942
0.712042 12.208
1.67377 9.07437
2.57734 7.18945
9.10066 10.6631
1.36405 2.07282
6.53066 7.30349
4.34828 5.39176
1.65646 8.55866
9.5816 9.92397
2.92485 10.9447
8.01678 0.0946454
1.08927 10.8157
6.55911 4.17023
1.10759 5.81169
1.81417 7.74867
4.36205 1.54704
9.6539 1.11267
11.0962 10.1467
7.42566 5.99954
1.99176 3.58058
9.16954 10.8604
6.52587 6.75734
10.5688 11.8191
7.5278 9.85654
12.4999 11.0894
11.9564 11.168
9.81821 10.2735
3.22484 2.21054
1.25956 1.98353
0.443724 9.71157
4.40206 5.54242
5.93555 12.0502
8.90441 11.2029
7.52353 6.96219
3.09985 5.56349
3.10776 0.981904
9.87321 10.8581
0.142458 1.58688
4.88406 1.54664
4.01639 0.368726
11.0976 11.9171
8.52287 0.65865
3.37717 0.870408
7.70977 2.04641
1.39197 11.5215
9.54563 5.33474
3.44095 4.30623
6.60358 4.61398
10.5495 11.9278
2.99832 0.601509
3.7154 7.12944
6.31319 5.85325
1.42866 8.16193
7.15076 4.99855
2.46056 2.28703
3.79367 6.33397
8.87065 0.521905
3.64117 7.1081
7.66642 5.30767
11.2021 10.5079
9.12345 11.9611
1.6155 5.67901
1.34123 10.791
11.9416 5.93371
2.44894 1.02994
7.18104 7.8415
1.2934 7.41096
3.6556 4.08703
11.0733 11.1789
7.60247 5.64653
0.500957 6.52834
6.29619 10.308
10.3606 12.244
9.76644 9.88757
7.55001 9.12941
6.45709 9.34927
5.31764 2.74843
12.2322 2.04318
1.80481 2.16177
2.50561 11.7469
4.39733 4.4109
6.15191 4.90418
9.25836 11.4078
4.12867 6.38883
0.37015 11.6502
9.14823 10.6396
1.11358 5.27808
5.65304 10.6028
1.87839 0.936054
9.40813 10.001
3.27903 5.37671
10.4787 2.12955
2.34541 7.99274
11.3021 10.1844
4.36958 5.0227
0.927297 6.51368
2.72033 11.7157
1.2205 1.57586
4.94258 7.92549
9.13361 8.37813
4.38417 5.10062
8.22553 0.825224
12.425 10.8776
9.19524 6.08615
6.91627 5.27892
2.08888 7.85159
3.3751 2.61497
2.81498 1.03354
6.62235 7.89459
11.2599 6.36183
3.19974 0.856128
3.6131 11.2543
8.79409 0.988607
10.8634 12.409
7.46412 5.65726
11.0283 10.4826
7.9741 4.95804
0.958476 11.8585
1.29094 8.15255
3.72676 6.51596
11.5374 1.71796
6.14161 12.1475
3.47687 5.65548
11.1368 1.89927
3.09712 11.3467
2.36315 10.7286
3.08717 7.0714
11.5174 6.37262
0.374156 10.9791
2.72129 4.77517
5.33235 11.9225
8.11075 1.49376
5.32399 10.8339
5.09294 11.6391
1.76508 1.67426
11.1572 3.1784
6.71014 9.31427
3.67252 2.69325
12.0174 6.31087
1.2634 11.4653
0.047881 10.8234
3.03627 10.6881
10.9239 4.6322
3.05105 11.2357
3.72657 5.12667
9.34263 9.76478
7.45509 5.54645
0.93824 5.70319
3.00426 4.08483
8.24106 0.84666
3.80329 6.97416
9.0028 4.82351
0.00729535 11.2531
10.2712 6.14717
11.9582 5.57955
10.3245 10.5771
3.90436 5.8243
6.14759 11.6979
10.4689 11.6597
6.032 10.6673
4.32248 4.34104
11.914 2.11227
6.12037 11.9529
4.24575 1.47597
9.08448 10.3059
0.0411266 11.7205
8.85716 5.25252
5.26139 10.9776
8.56874 0.516355
4.47481 4.28375
10.7965 0.273798
11.6136 10.7054
7.16709 3.22176
6.06479 4.95515
10.4535 4.49164
0.0350901 2.12054
11.6969 9.76684
9.98795 10.5604
4.9881 1.46051
2.44761 1.33176
4.84631 2.03435
11.8712 2.69681
9.24425 11.2735
6.1147 8.65722
10.3693 4.50597
10.2491 10.1238
5.75975 4.75268
7.82066 5.88744
1.27812 10.5516
0.682346 6.7337
9.77526 11.7438
6.69914 6.21429
0.0699977 10.5861
10.6663 5.24276
3.80934 5.92566
8.43754 9.5755
7.21329 4.2797
6.01165 10.8644
3.30857 5.71802
1.98726 7.87812
3.91057 1.62174
1.80349 2.68521
11.5507 8.85918
9.0116 4.95158
1.53329 9.10631
12.442 1.9566
2.27733 11.7752
10.2917 4.1439
4.09864 3.49546
9.87777 10.4679
7.20538 6.99208
8.42774 5.7481
10.2474 4.4772
9.19635 9.90094
8.14949 5.35593
9.47223 6.35253
1.9462 1.89114
10.1621 9.09876
7.40871 5.18299
1.4754 7.10342
3.86818 2.99699
3.60804 4.8252
10.298 3.8995
0.504513 12.1219
7.16361 1.32357
7.58991 0.0582465
6.2046 11.1123
11.4034 11.4279
10.5468 11.255
0.372391 11.2668
10.5955 10.2994
0.245774 9.88908
9.47093 12.2538
3.54279 1.02458
6.51485 10.7757
1.97655 7.72192
6.6054 8.18977
11.8789 10.5725
10.2207 9.89726
6.37955 11.7083
3.39375 11.8671
1.84653 6.51766
0.392751 12.1054
11.4726 10.0885
11.1414 11.0281
1.31939 7.39837
7.61353 4.7397
9.49046 6.06131
10.0123 11.6867
2.73408 6.97541
6.22889 5.07513
9.49341 11.9268
7.78705 9.30667
6.42962 4.53453
1.41017 7.23043
5.59628 10.9414
3.01718 2.37993
7.1503 4.99404
2.65863 1.32199
10.9947 5.68351
3.37085 11.0722
3.39578 11.009
2.46982 11.557
5.09081 5.33351
1.44739 6.2008
6.12504 8.19459
7.38302 9.295
4.16045 2.60359
10.2495 3.71054
2.22904 10.8265
12.3329 6.0496
6.84375 8.53878
0.105981 11.5201
7.63116 0.745502
0.747236 5.72995
4.75879 5.15829
10.9863 11.4353
4.02742 6.90127
10.4929 9.67939
3.12023 11.4134
9.79971 0.999636
4.14698 4.0524
9.01361 5.56887
2.0983 8.61584
6.59365 5.37776
0.254197 10.4746
5.35113 12.0457
6.70299 5.51753
12.2725 2.97185
0.666822 12.2964
0.814573 6.47753
4.69809 1.67953
11.5262 2.55975
4.04319 4.66769
12.2753 2.16815
0.377068 5.62415
4.22124 4.47094
3.73934 1.73879
0.910417 5.94646
6.21755 10.3815
8.2103 0.755189
7.7826 4.63004
8.25125 0.848252
7.48107 9.02929
7.07522 9.25934
6.05094 4.90853
6.08436 10.2353
2.19976 6.58941
10.3244 0.942064
6.99248 6.57949
3.35933 11.0015
7.33722 9.09674
1.03187 6.2997
12.061 10.637
6.68156 5.10054
0.0187759 12.088
10.3731 4.34659
8.20468 1.43378
9.42381 5.70114
3.62557 6.23216
10.7933 1.48368
9.19447 0.159106
1.51716 10.8898
11.0479 11.8729
7.55207 0.487893
0.251356 11.0403
10.8029 9.94793
6.09568 12.4121
1.74274 8.67276
6.93788 5.24853
10.3501 4.42574
0.816052 12.4075
10.3009 11.6184
10.8067 5.67905
7.397 4.18514
0.105327 10.7404
6.60578 8.23162
8.13227 9.9732
9.76681 10.4547
0.878321 5.80956
10.2829 4.39916
3.39262 9.05678
8.07272 3.4699
6.30447 5.34719
4.23676 1.80618
9.60656 4.49988
1.93904 6.74126
11.9716 9.80881
2.48058 1.72816
10.6583 1.01528
5.92244 12.1768
6.90267 8.97589
2.1619 7.9771
8.29218 0.582593
8.38218 5.87636
9.60527 10.5593
7.37124 5.9198
10.8514 10.7248
3.59945 0.88058
7.4309 1.62426
4.95232 2.70402
3.7482 5.10284
10.543 2.47772
2.93826 1.64361
1.56515 11.4199
10.3892 4.32669
2.35189 11.3162
6.1082 11.7481
2.06575 8.79878
7.38887 8.55024
5.12955 1.20983
9.0046 5.23941
10.4379 0.788835
1.11113 6.10128
11.6015 5.65193
0.195123 6.60451
6.30612 10.9891
7.46011 8.83989
1.53879 8.41698
3.41663 5.98178
6.38874 12.0071
5.72817 11.8893
7.82414 2.04016
1.68667 6.61623
5.6071 11.8526
10.9158 3.32624
7.45972 9.84777
9.96841 12.0811
4.81037 1.53791
8.00339 5.18051
10.0768 11.5632
1.24328 6.30537
5.9048 4.76517
4.11117 6.8831
7.28733 9.19212
10.8085 2.20932
2.06416 7.045
0.341375 11.2241
9.41629 10.7286
5.52347 12.3328
2.42462 10.9758
9.0541 11.8242
10.2626 4.63991
4.43025 12.0886
7.82237 9.95725
9.59593 5.84565
7.89429 9.02998
5.58599 10.6104
9.81558 4.36277
3.03335 6.63273
12.4406 5.6314
5.23767 5.07181
10.9979 3.26187
7.72351 1.30615
10.2434 11.502
5.82973 11.3331
1.48559 5.87874
8.60209 10.4225
1.3713 5.5125
7.78874 9.04518
0.853409 5.32467
7.40652 9.48028
10.6447 10.3341
11.8509 6.27363
6.68388 8.75022
11.2455 5.12158
2.03417 1.29566
10.6005 11.9596
8.73012 10.7008
9.16586 11.1192
6.73717 4.49717
12.0142 5.89508
8.91685 5.26616
1.29662 1.93425
5.47025 1.9996
11.0704 1.20102
2.31124 1.08532
4.87749 4.69257
3.35136 1.96228
5.10792 2.73861
10.5511 3.71105
1.91919 10.4639
11.4609 2.82552
2.78552 6.5001
2.90455 1.06723
10.1206 2.98236
12.2318 2.31304
0.877273 5.31778
5.89338 4.68432
2.47294 10.7353
7.96682 9.76986
6.30498 5.76856
4.51823 1.3816
7.56369 1.17857
3.75076 2.36726
7.84975 1.16177
0.150928 5.79634
2.04319 0.923564
7.13835 1.41755
10.447 11.0484
6.41872 4.8194
7.1891 5.20441
10.5107 6.28596
3.87417 1.08109
10.3507 3.80815
8.93176 10.8705
9.97857 4.71746
8.91461 0.325027
2.28004 10.8357
6.23428 5.44882
11.7604 9.93014
1.21214 6.48256
7.39454 0.491778
8.21644 10.4667
8.43057 1.34824
7.26153 1.29341
5.80334 5.82107
11.7378 6.38917
8.14363 0.736385
6.74761 4.73631
7.04323 7.1098
12.3624 2.19051
10.1677 10.6445
1.50095 2.19653
1.35158 8.90653
5.25077 11.1801
4.24017 4.97745
8.22797 10.4311
6.04328 5.44498
1.36103 7.35769
10.7325 11.085
1.49333 1.27354
6.2229 8.38998
0.528157 6.28371
0.592007 12.477
9.87449 0.112619
4.69484 2.3497
4.72447 1.90411
11.1199 10.0541
10.3421 10.3779
4.05785 4.43228
2.58024 1.84838
1.41854 6.64346
5.54873 9.69342
1.22817 6.27832
2.00531 11.3505
6.28786 5.8344
10.2663 10.1732
1.3244 8.10715
6.65012 10.1612
8.05328 0.28849
2.10933 7.77512
9.26254 0.0598346
9.79487 0.253687
3.84475 7.11506
1.75591 7.81022
3.80153 4.96819
6.66287 7.2841
3.66682 2.90963
5.0234 4.86425
6.75823 7.43267
5.97508 5.51443
3.71767 6.20464
5.91101 10.8475
10.1706 5.64927
10.3016 3.9172
4.61414 4.79748
0.402419 10.3453
1.25198 10.0308
9.69059 1.16708
12.2297 2.84185
9.4723 10.157
8.55575 0.138669
8.42657 5.79975
3.19755 11.8097
1.38039 1.53942
11.3339 6.02174
10.0983 1.59045
4.19812 4.61899
9.00133 6.04298
6.18065 5.54059
7.45034 9.97107
9.76981 0.896403
11.4455 3.02957
4.3599 1.3296
8.61052 5.81825
3.66677 4.53711
7.39914 9.59451
9.57954 10.485
1.55232 7.92591
7.06978 7.37068
0.643725 6.37636
2.32593 10.577
1.67872 10.177
8.14176 6.38189
10.9337 1.50403
10.8141 5.06928
5.48321 10.6457
3.78117 1.3063
5.37291 5.51957
8.20351 6.36788
5.24545 11.0609
11.9679 6.3336
8.78846 0.0567373
10.64 2.43955
12.2817 9.96718
1.79597 8.47242
11.1137 5.26045
6.31728 12.3676
0.376199 10.5076
6.56124 8.71503
2.31879 0.589601
6.7134 4.88962
0.0880162 5.78476
11.7016 5.42292
2.16439 11.2931
6.53481 7.89837
2.19631 8.28544
11.9924 10.2607
5.55018 11.2249
7.0019 4.61289
3.42456 4.86377
8.02898 0.129878
6.36401 4.87844
3.99377 6.99709
6.22591 9.1934
12.0799 10.536
6.44538 4.64533
9.83168 4.3734
9.51776 6.00555
0.77403 1.36365
1.11082 5.41531
8.57431 4.70273
10.59 11.2216
1.57554 1.47083
10.9102 12.4843
7.85573 1.1302
10.5125 2.7694
5.76404 11.5732
11.0318 1.21713
9.54493 0.104354
0.498063 12.1213
11.2125 10.8008
8.41048 5.25143
7.44088 9.67109
8.21925 9.50534
10.752 1.82957
1.55651 8.59339
9.16334 9.9277
3.61779 5.6089
1.40545 5.81295
6.22783 7.7507
10.06 10.4214
1.9867 10.0678
8.55586 10.8727
3.00392 11.1704
3.42872 11.588
7.324 8.87898
5.42022 1.91823
1.38058 11.1758
6.02014 9.72729
3.60426 5.12944
1.52935 7.63697
6.65534 8.1388
7.11959 4.29107
11.9852 2.72635
7.60881 0.435111
4.37415 4.72111
2.45124 8.08797
7.48469 0.0268161
6.20056 12.0075
0.400681 12.2298
3.16475 7.06295
11.183 10.9966
2.14457 0.958107
3.54026 7.14517
4.40569 5.24385
10.6803 3.09824
5.95318 8.67911
2.47842 5.31367
8.54759 6.11694
0.927429 5.43291
4.12967 4.64941
0.249946 6.02192
10.7092 9.92837
6.42034 7.52162
10.3276 12.3651
1.72256 0.881661
7.68129 5.42819
2.34806 7.65227
4.02756 6.38177
0.586231 6.01864
3.08533 5.41645
10.8185 4.20459
8.59395 0.120438
8.95588 10.6694
2.6084 0.791655
10.3407 11.4498
8.49121 0.714203
6.07845 9.30324
11.5618 10.9205
6.26009 10.7611
11.3532 11.1065
3.6364 4.50727
2.99311 1.99319
1.20912 6.95721
6.3227 12.2957
1.33447 7.39039
10.5644 11.8141
9.51801 0.931016
0.116296 5.65733
11.1572 11.2829
3.46956 1.35645
7.19268 9.37425
2.28865 11.4772
2.01658 1.59896
12.2641 5.893
11.197 1.08854
6.37141 8.46739
11.3145 5.41575
0.685858 6.01837
12.3824 1.32773
5.95044 10.5934
2.08891 8.23929
5.94573 11.1467
4.35755 4.45949
3.57729 1.56185
0.857116 6.82793
10.575 0.713423
10.604 11.3147
3.4806 10.958
11.4474 2.76924
0.861202 6.52676
6.57908 10.7003
12.0447 10.974
9.89005 1.31517
11.2955 9.7351
5.2103 11.6237
3.63728 2.21696
11.0464 9.93784
6.6255 6.16714
4.04366 5.5921
2.12496 1.02843
3.58984 1.1572
12.0797 6.17455
9.31265 11.7377
7.68198 0.0683885
8.04866 9.82026
4.24766 1.5284
1.59491 1.83346
12.29 5.61605
11.3432 5.31766
11.5814 9.75259
11.3158 3.08603
6.22248 9.54144
3.42314 1.25408
7.73276 0.19488
6.70236 6.41409
4.48378 0.986154
9.77313 4.82883
3.09783 1.95255
6.61345 6.52343
6.27956 10.5781
0.966974 5.63982
4.08274 1.41041
5.62289 10.5054
1.31442 6.9789
8.93571 10.4974
11.3902 1.65491
3.57365 0.753662
7.39099 8.40675
2.77347 1.42286
2.00315 6.68388
10.5479 3.95581
7.0236 5.47294
0.759668 5.79657
7.4349 9.05377
6.80222 9.02545
5.77403 4.45247
2.93585 1.39764
1.48546 7.94811
0.135799 10.7847
10.6054 12.0924
8.93557 0.897276
7.54957 6.78248
5.73372 11.6575
5.94712 4.50323
5.18309 4.68623
8.43625 1.22374
12.1384 10.6688
3.70957 4.76365
1.08619 5.89993
5.14182 2.74267
2.4214 10.7787
5.56521 11.8858
7.88226 9.45461
11.8491 2.02196
0.695486 11.1271
11.1452 3.16904
7.81819 4.57707
10.1753 3.79808
2.4109 10.9741
4.28127 3.49722
3.76579 5.28749
9.28042 11.0904
6.66414 8.85787
0.801772 5.38293
11.0052 10.1246
10.2393 4.19046
9.22958 12.2467
7.49336 10.2696
6.85765 4.93906
3.27776 6.88822
10.8938 10.1919
6.54863 6.22449
0.172416 5.28573
10.1779 12.0617
10.8272 0.587227
1.76077 8.62732
12.0156 2.25307
8.4145 10.5023
7.7543 9.787
1.91357 8.48684
10.2 11.2707
5.70425 9.89355
1.45583 7.50302
0.801678 12.0763
11.3109 10.6306
0.0712051 10.6243
6.14413 4.96931
6.78665 5.19554
10.2463 4.47808
7.18508 4.16555
4.98807 2.57376
3.40304 2.32043
12.4541 8.22525
1.3466 9.55616
3.44867 0.697797
10.5694 10.1639
3.16297 11.6933
6.4965 9.76705
4.62986 2.70329
3.86689 1.58403
8.04708 6.41111
8.49014 0.899694
6.98183 8.13101
1.57836 1.15516
0.0642554 7.94108
2.93573 10.4419
11.3989 6.15389
5.31744 1.59397
1.3649 2.06996
7.97875 1.5734
0.0278263 10.0865
9.4046 8.85731
0.118271 10.3277
2.617 10.8891
6.05863 4.50475
12.4095 1.45386
6.60392 5.79752
7.03546 9.42951
3.59372 3.63353
9.64944 4.67829
8.20371 1.29002
2.96395 0.946604
1.82682 6.65131
0.371084 11.8472
0.0786977 10.0358
12.35 1.12708
0.710379 5.23533
5.20493 2.45451
3.86549 2.20708
1.66064 9.21664
5.44179 1.82668
11.5636 2.02272
7.7112 2.32984
3.75904 4.35831
5.51485 11.0198
9.15245 10.7007
8.08569 10.3011
2.40437 1.4136
1.62685 6.13986
5.78023 10.0496
10.6588 5.42338
7.71013 6.27776
11.9414 10.9935
2.06307 0.67276
4.97397 2.34831
7.29675 11.291
6.28367 4.46389
7.12368 1.64718
1.36346 4.09738
9.15596 10.8232
6.56656 4.64701
4.66498 1.91905
1.66223 6.19192
6.0103 8.39755
7.75364 9.68913
6.4621 5.73004
3.7269 5.61976
10.2967 4.54618
2.79972 10.5435
4.50573 4.77712
0.157647 4.75876
11.1006 3.23516
2.45615 1.19817
12.3747 1.92222
1.96013 1.26895
5.3436 11.1614
9.2381 5.18024
11.3688 2.55394
12.2744 2.64817
3.46056 4.18846
12.1989 5.24828
5.60274 11.378
7.44912 4.30296
11.2799 10.4213
3.24562 10.8579
3.09107 1.15195
11.5685 2.27818
6.55229 7.52662
9.98455 10.6348
9.37983 12.2451
3.72026 5.10473
4.10158 3.36283
0.80757 10.8424
1.29356 10.9461
9.37712 10.5919
2.58268 1.26678
7.31033 8.15257
6.25149 11.5807
8.01118 0.778445
2.23831 1.06285
11.8929 2.48623
3.42752 1.86178
8.69245 0.609469
3.84651 5.50106
1.26966 8.99388
8.09075 9.71346
6.31148 4.79324
1.57743 9.0643
5.74278 10.401
9.50025 4.34288
6.49798 4.72523
0.711107 7.23296
10.3289 8.59255
3.84087 1.19535
5.1327 2.59646
10.5377 9.81725
0.341995 11.6356
7.25765 4.55089
0.0506577 4.85589
10.2894 4.19684
8.28165 4.5227
10.6217 9.96631
3.58415 1.86126
9.53817 12.1608
5.81845 4.87174
7.00375 5.86882
7.74945 6.03831
1.6855 6.88483
6.72159 8.94585
6.66926 7.82963
2.7806 0.844909
10.625 5.74146
7.07025 5.33587
0.196453 5.80331
7.79841 5.20636
1.38978 2.07802
12.2175 2.18615
5.86454 9.52088
3.6854 2.96689
1.86847 6.46603
8.64697 0.564181
11.4865 1.63501
10.6494 3.31319
3.48228 1.33091
5.53528 1.96056
12.4059 10.9509
5.11678 11.4537
1.32233 10.306
6.96406 9.55563
7.02215 5.20382
6.09184 11.7812
10.2506 4.71096
9.44255 1.35803
2.11805 8.32209
11.1477 5.66307
7.54942 10.2287
2.94686 11.3183
10.7262 10.5564
0.2597 6.84889
2.7073 11.3773
7.37024 5.49863
0.803062 6.7465
4.06096 0.730837
0.88753 10.7414
5.47568 4.92643
4.28962 4.52281
1.92763 0.886394
7.78535 4.91781
10.2552 4.13283
8.15485 9.38963
2.49047 5.22872
1.46152 7.7538
9.18452 5.02437
0.846437 6.41205
4.69245 2.66648
12.2138 10.1984
9.25456 11.1344
8.97724 5.22647
9.3125 11.1059
9.29128 5.04472
10.0433 3.42495
0.558916 10.9893
3.18715 1.20608
4.01127 1.36479
1.89906 10.5829
11.4063 11.0262
1.7575 3.72418
10.6237 11.3555
11.1253 3.17947
5.91507 5.33551
0.154413 6.67382
7.4394 4.80678
9.25017 4.59282
2.70376 11.6576
3.71316 2.58773
5.64779 5.3819
7.00025 7.76213
3.86529 5.55293
8.71363 1.41345
3.08381 1.38731
6.08731 5.66008
11.8042 1.35275
0.163813 6.16543
5.65575 1.86015
5.89474 8.60669
6.79607 5.66601
0.673178 11.7471
5.55001 6.70648
3.47821 7.23146
5.42884 10.5002
8.83211 4.63429
2.47874 8.294
11.8607 3.03925
9.29694 4.68615
5.82119 5.03984
6.78534 6.61225
11.1664 0.750977
12.4604 5.21443
11.8249 2.66948
3.80617 2.00365
3.99872 9.42745
3.71631 2.49452
3.24312 11.2297
6.50218 4.4969
0.841768 6.17957
8.4287 0.291691
8.48707 4.74907
6.26646 5.15398
5.60231 2.03095
3.47707 6.62822
12.2048 2.50341
1.23532 8.71959
10.9235 2.73405
7.83919 0.312769
9.20129 4.671
0.384514 10.2804
1.43684 10.0836
11.4398 1.65778
1.63658 7.08667
3.20446 1.77979
6.81652 6.16733
9.5985 10.0833
0.79034 12.1105
11.523 10.7775
3.74947 1.09526
9.04035 4.41281
3.99304 4.69528
2.19144 7.15342
10.7514 4.91045
7.37411 8.10078
4.54501 3.01584
4.0323 5.83882
10.3488 4.03188
4.34775 4.31015
3.47686 5.39539
10.5368 3.93524
4.74701 5.6307
7.62061 9.663
2.68729 11.4792
9.91692 12.3437
6.32698 10.1541
1.70844 1.12162
10.1652 11.3812
11.4741 6.38069
11.8955 11.0628
4.60601 7.96355
6.39504 12.3628
7.10634 4.38926
2.36503 1.20039
6.32828 5.13857
6.47149 9.57932
6.71452 8.88934
6.80129 6.6999
7.02024 4.19476
10.2383 10.8074
0.451168 5.37842
5.43674 1.73603
7.01845 5.19622
11.6966 10.6149
9.49391 11.692
9.11934 0.54543
2.70655 11.4912
0.674132 6.45213
1.34123 6.64311
4.75651 2.6282
4.30954 4.60282
4.944 4.91695
6.0849 4.20979
9.20817 5.15892
2.67736 1.68855
5.34412 1.8696
8.0037 0.439999
10.3423 5.16217
2.60687 11.4797
3.34584 11.3723
5.93905 9.86684
5.61453 10.7571
8.9981 4.34044
2.55795 0.811259
6.70329 9.61115
9.70882 10.5331
5.69889 4.85793
9.49742 1.05217
0.329041 12.4755
3.8172 4.73274
10.7697 11.436
0.945574 5.47376
3.25202 11.0855
7.81649 10.1894
0.580363 5.03882
8.4516 0.651062
1.87286 8.24721
9.68004 10.6243
9.64317 3.32099
11.1771 1.59537
12.413 5.47298
7.73275 9.53519
10.657 5.17415
10.38 11.4939
7.64448 0.21867
2.44944 11.2876
1.26593 8.23887
10.4011 9.91147
9.47705 0.653475
0.540563 11.0335
4.42851 0.902423
9.64629 10.3951
1.23688 8.26327
3.56619 5.32763
7.53288 9.15103
10.955 12.293
5.43123 1.92115
10.9642 4.54823
0.744084 10.5808
11.0098 10.6363
11.9433 2.50206
2.12972 1.67092
7.566 1.50394
3.88249 0.844961
4.30875 3.80939
8.32298 1.54032
0.955035 11.256
9.62358 10.7813
5.8102 11.3776
0.837757 6.02047
10.0369 5.89571
9.28854 4.99828
7.17359 5.01053
12.3401 9.76
10.0291 4.28146
7.32111 7.70318
6.94358 5.8039
1.76248 7.04328
11.2017 1.41622
10.9753 10.4948
2.98879 7.00165
9.67241 12.0258
7.61008 0.191992
10.0807 1.12142
9.11882 12.2994
7.77478 10.2935
11.9203 5.40768
5.32794 5.5563
0.300611 9.79326
3.15488 4.81405
0.729931 6.84607
10.8053 4.5029
7.69473 9.46614
3.6621 1.57238
11.4236 1.53093
3.39653 11.3574
11.55 9.62527
1.56999 2.55823
11.905 10.4248
0.186044 10.8773
4.82251 1.89982
6.20879 10.6806
1.76446 1.5883
6.66871 10.5558
1.35309 6.14723
0.824853 11.9302
4.98044 5.32907
8.23934 4.65487
7.04527 8.60681
11.9703 10.4357
7.98218 4.94238
3.66416 3.77412
11.3743 0.958091
11.2439 1.35529
8.3606 10.1687
2.93679 1.62546
9.88459 10.8184
3.03926 10.6034
12.3766 5.59303
4.70803 5.39914
8.7501 9.31997
10.8588 9.40806
5.27235 1.70638
3.88517 5.8528
7.38074 8.47361
10.7631 10.2473
2.80996 2.3732
9.44472 5.78911
3.48327 4.77587
5.87096 12.2904
4.29132 5.02132
11.2926 2.9563
2.35425 11.3121
3.45794 6.13955
5.64346 2.22718
8.58913 5.28331
3.19633 1.74403
12.4732 5.3804
3.31686 5.67144
6.92381 5.56548
1.96596 2.0123
10.7706 4.16787
0.717632 11.9098
10.1892 0.999483
2.0575 8.87317
8.31818 1.47075
4.95136 5.02279
11.9814 9.63307
1.30212 6.93017
5.19968 5.56974
11.574 11.2418
6.6667 4.79261
11.6073 2.56475
6.73875 10.2492
10.4567 11.8357
7.3379 0.378344
12.0492 9.73389
6.93359 7.57419
9.97017 12.1502
7.43691 7.24204
7.24924 4.26111
3.48548 8.60402
10.9339 2.54899
5.93094 11.0559
12.1379 9.60734
9.94769 4.68307
8.14009 10.1703
6.88055 5.92248
6.29337 9.05208
2.16296 1.31039
10.9509 4.49097
3.61584 7.25108
2.80496 1.23775
6.80127 9.22593
6.3278 4.48204
7.20597 2.05978
0.438997 5.62769
9.41463 11.8694
6.34481 5.10249
4.3703 4.52069
8.09841 5.36167
1.61517 11.444
7.38672 0.498608
10.6903 5.3489
4.22892 3.38285
5.9723 10.4707
6.23192 8.37045
8.69987 5.39124
4.60303 1.52992
6.0899 5.28789
7.77758 6.39082
3.71872 6.04594
6.02045 5.73796
8.89231 4.66882
9.6622 10.88
10.7235 10.5798
8.88397 5.434
11.8827 2.09581
8.63073 0.608284
8.2717 4.91926
9.54263 5.71805
2.69068 2.61165
10.7909 11.9688
5.27428 10.5878
9.20441 4.50671
1.77781 8.88896
1.28934 1.88811
6.91588 5.39232
10.0533 8.29726
9.53748 10.0692
11.0155 3.11056
7.08109 7.53283
0.912315 5.35733
9.57563 12.433
4.56715 10.5238
11.3611 9.95439
0.557337 11.0117
11.0356 2.60106
0.490226 9.85883
9.82024 4.71607
8.09753 10.4643
4.39136 2.83599
4.47581 1.90828
6.05092 9.07371
10.5832 11.2044
6.86142 4.84728
1.56035 1.91811
0.340038 9.28377
3.31959 7.22838
3.53789 1.14865
1.90634 11.2472
3.14783 10.7535
11.8302 11.2619
11.4149 11.207
0.223164 10.5983
10.9613 5.55037
10.8162 12.2172
0.9787 11.2714
9.00997 5.9124
7.01954 5.7908
2.7545 11.5398
3.23743 0.840745
1.47977 8.60352
11.7555 2.59226
5.03797 11.6953
3.72632 3.55944
3.05181 2.74746
10.8648 9.96378
10.3575 5.05563
1.93289 1.1874
3.42822 1.13684
4.37791 3.38619
8.96199 11.0399
9.40945 0.0126571
8.02529 1.37145
9.43735 5.07776
9.09008 10.7499
1.55069 1.35195
11.5246 1.51564
6.3524 8.12893
0.724429 10.4879
8.50913 9.67945
9.45695 12.2067
1.16237 6.07723
2.91075 0.492454
2.13339 7.26416
10.648 1.047
6.41033 9.89178
5.46502 10.9807
10.1264 11.7503
9.17467 5.12606
3.32963 11.8033
3.86744 4.13845
10.6203 10.4537
5.10161 2.44229
1.20354 7.33652
8.80565 11.1236
2.56529 10.7882
10.0573 5.65357
0.112387 6.21035
3.62109 1.11449
4.29749 4.80426
4.52248 1.98013
7.35495 5.28158
3.26068 6.14583
4.40142 2.03004
7.37598 1.01774
1.48221 1.30364
0.41731 5.1744
1.66028 6.30783
1.42963 6.13225
0.483545 5.35996
2.59462 1.44526
4.23345 2.49811
8.9871 11.4646
10.6063 11.5792
0.655225 5.98198
3.20769 5.00265
2.20936 7.79446
2.61202 7.26375
0.403348 10.9662
11.6541 1.18754
10.9996 5.76862
3.3194 5.98395
6.34118 5.21403
3.39519 4.46779
7.57612 1.49346
5.95951 10.07
11.4024 2.08729
7.74393 3.94654
0.472636 10.0994
8.51312 0.899052
0.149772 9.76523
5.75058 10.0765
9.94293 11.9061
7.17387 2.00404
11.3621 1.7871
2.77099 11.0311
10.425 3.94167
8.79673 10.1385
2.25453 0.969946
1.69634 9.34962
11.1194 0.600067
11.1038 4.83883
11.6389 10.1599
2.52017 2.48231
2.04501 0.743871
7.7009 1.06579
12.0383 10.1115
7.97191 0.423801
7.73383 1.46684
9.75818 5.807
8.67529 0.175323
8.11324 1.9334
0.539255 9.58353
10.3728 3.71071
2.64946 1.60312
5.95694 10.0224
11.4852 2.32205
9.43536 10.9887
8.3548 0.697716
7.48031 0.322506
12.0898 1.59475
8.45135 0.281656
11.3619 0.898174
8.87251 9.85564
11.3028 2.15922
0.474656 5.54876
3.19057 7.37861
5.85313 5.05988
10.2863 12.2624
3.54488 7.62893
8.54363 6.05783
6.8095 6.05227
2.35155 2.45806
7.73378 8.84659
2.21558 2.3803
6.66394 5.84444
10.8256 5.19183
9.45647 12.1219
11.9539 2.3642
2.92459 6.85585
7.55358 10.1188
4.53164 2.77832
8.93716 11.3238
5.91642 10.3221
8.27924 4.64583
6.38486 5.26262
4.15385 5.56423
9.12541 5.32373
5.33261 12.0584
10.3962 1.84087
3.74019 6.92802
2.89057 10.7341
8.26987 5.71883
5.88285 4.57284
4.9061 5.59142
4.48902 2.36764
1.70128 1.58468
5.05217 5.2013
4.67864 1.36655
1.94341 1.29028
11.8433 11.4058
10.4345 0.17894
9.25312 6.32185
3.40588 5.08921
1.83738 9.37488
0.725196 5.65003
7.44045 0.610761
8.8072 0.390907
11.4053 11.6194
10.8181 5.04132
11.4274 1.71453
10.3377 12.4543
3.9572 0.960722
