6.0897 3.81015
11.8639 4.58601
7.71635 12.072
2.0258 12.0721
2.72314 10.6487
4.94685 7.09851
9.91909 9.91371
2.41689 4.33645
10.4726 9.40817
4.51315 2.61074
5.86458 6.7334
11.3282 5.04984
7.44285 0.627866
8.42102 3.43642
4.06347 11.9335
6.86513 0.19392
3.62469 4.76075
12.3852 10.9728
7.45584 8.60826
0.986866 1.25297
3.44616 3.82866
5.10608 0.20964
12.3612 4.41743
5.02145 0.810639
5.74692 7.7902
0.217619 0.927441
6.52318 9.45448
5.13748 0.395373
7.47808 2.67996
3.0499 4.44918
1.87377 7.07287
8.82197 3.59047
5.33791 7.34874
1.70442 0.678121
0.116513 0.89574
6.72687 9.357
6.77419 2.58886
9.98452 8.62879
8.14013 11.2524
11.3738 5.9685
11.2116 10.813
0.699519 5.90025
6.4431 8.02494
8.65925 2.90161
4.95014 0.736487
11.811 3.52829
5.65836 4.29597
5.06655 0.852151
5.84636 5.92573
12.1972 6.39635
3.71742 0.0650082
9.05933 2.15203
2.66036 6.21224
11.5451 8.34685
3.13363 12.4169
0.313942 11.1136
5.0348 2.00316
3.66305 4.56675
5.16463 6.86954
3.6639 11.4288
5.67457 0.334056
12.326 7.11247
5.29585 2.07638
0.775367 9.80971
2.68329 6.60487
3.27703 11.4032
0.177143 10.2238
7.33111 2.93861
5.40093 5.89463
4.87624 5.25216
3.55691 12.0542
7.82096 0.188163
7.50448 0.842264
5.49236 7.08046
6.05561 0.106806
5.79736 2.54611
5.21273 0.11851
6.8504 8.67569
4.35483 0.202455
5.85003 8.19381
11.1177 7.3337
3.57749 4.09284
8.22042 12.4942
2.97737 5.35436
10.5174 8.3721
6.19318 3.51612
0.908034 10.4417
10.9987 11.292
6.06613 6.01099
1.76236 10.7295
5.0738 4.91501
8.13016 2.6068
5.30417 6.46764
10.6181 2.95481
8.69893 3.43583
5.67251 4.52656
3.73154 12.4317
3.70586 11.0452
2.24477 6.64373
6.03758 6.05063
11.1788 6.26664
4.87516 1.39937
9.93354 11.0257
1.5718 0.798589
3.48191 6.49231
6.09036 0.137266
0.918857 0.208409
10.2077 9.23546
10.3465 2.30207
3.29368 4.31223
11.0625 2.57659
5.21573 3.43464
8.54638 6.8605
9.85707 11.6823
11.8992 7.39599
4.99913 6.74512
11.5923 6.5591
4.85379 3.59747
7.48642 2.97498
3.22664 11.9581
9.17284 10.6533
1.79557 0.115298
5.32691 1.0357
0.00360467 10.7146
9.50957 10.775
9.80798 10.7975
7.56234 3.14045
9.85903 3.70672
2.40708 4.5956
12.3165 6.10749
11.1381 7.70531
11.3299 12.0799
9.17389 9.08373
11.4108 7.67219
7.13347 3.23731
5.11181 0.134743
9.40465 10.3412
10.0584 8.5593
8.64099 11.9254
8.13214 12.3073
10.5679 2.18592
4.47544 2.87677
12.1945 10.6993
3.00843 5.52968
6.08482 4.98969
0.457775 9.66317
5.49288 6.60954
3.17691 6.92001
10.0213 8.57102
10.3701 2.1051
1.00712 0.511837
3.46119 5.77499
5.74898 3.89322
3.54973 4.58944
5.14099 5.96159
10.5761 10.7843
9.15178 9.03607
5.96306 0.0772354
10.673 2.52216
7.12992 0.269347
10.1025 8.83574
12.096 8.73117
9.26645 12.2486
0.99069 0.868454
9.42638 5.87106
10.1365 9.67954
8.53641 11.0237
6.44808 0.0292057
8.63096 5.9871
5.63761 2.51111
0.576561 0.620173
8.6255 10.8585
10.2889 2.03126
10.9634 10.6047
2.59912 11.5396
11.2072 7.90154
6.5701 2.64328
8.13278 2.54538
12.3606 7.52454
5.68886 2.16399
5.15713 0.836302
3.49034 11.3145
8.88656 6.04973
11.981 12.0093
5.25286 0.65526
6.21512 0.0110226
9.54017 8.94573
8.69523 6.55817
8.49223 12.2928
7.27791 0.138779
12.2506 6.63793
7.80806 0.00332029
2.93961 12.0505
3.23059 3.78359
10.9426 7.48125
11.9496 3.17736
3.70592 4.17328
12.1328 10.7478
9.77616 10.4304
4.93816 3.82735
10.8331 7.95414
5.87385 3.20224
0.0248265 0.344118
5.83922 4.8701
9.34833 3.25382
7.32242 9.01521
8.20995 11.4005
5.6812 5.32504
3.68253 12.1878
3.5268 3.86233
4.95698 0.759233
3.26679 3.67292
12.0762 5.02777
11.398 11.2007
1.72455 5.95866
10.8285 12.0961
11.4954 4.87952
5.94507 7.22368
11.4342 6.63321
8.42839 5.69989
5.38735 4.02836
2.61272 11.523
5.26183 1.49695
1.74823 0.529838
10.2577 2.37407
5.59839 6.80817
2.24869 11.1379
7.4482 3.59649
11.4571 5.00659
5.57884 7.01979
3.06858 0.266774
8.78164 6.62904
9.55603 11.437
3.96312 5.3912
5.6247 8.50526
5.89895 0.0622223
3.80124 11.1929
3.5029 5.2885
11.0555 2.63235
7.97864 6.10975
1.39051 6.37592
12.0761 10.6266
9.10792 11.6898
5.65231 2.76774
7.39089 2.69303
10.0502 2.97999
8.56895 11.4986
2.05121 0.76822
4.65869 0.475945
12.4525 10.4539
4.51934 4.65546
8.24407 11.8398
3.06743 6.44947
6.02644 7.61766
12.2588 4.41227
9.95794 10.7811
12.2097 8.50152
7.15467 2.6937
2.30984 3.95426
7.22603 2.769
9.68899 8.80328
10.6405 9.58587
3.70476 4.11601
6.10756 3.41699
3.22144 11.7107
9.31494 10.6305
4.86017 5.52794
5.05994 3.36225
9.17565 5.98657
2.13231 11.146
3.88185 2.90391
11.2432 3.1983
10.8006 7.82569
5.58776 2.01328
4.87143 1.14449
4.01408 3.93725
3.6139 3.18196
9.63238 12.2963
0.130772 10.1754
9.75449 10.266
11.6704 3.2004
8.5525 11.4679
1.46315 10.1822
10.6124 2.70921
10.987 5.052
3.84945 4.84095
5.79819 8.64611
11.6357 11.0874
5.05044 0.559676
4.3149 0.625754
4.58204 3.89231
11.1081 5.66277
8.50272 5.76148
5.56619 0.0215537
5.40647 1.68161
1.64639 6.68468
0.451999 1.39441
4.90995 2.6166
10.5458 10.8607
2.48216 7.12857
9.77266 2.6465
9.02773 11.3546
12.1594 5.09707
2.2882 5.61371
5.28421 3.59404
7.2014 0.46201
5.94172 9.4279
1.24463 0.394305
11.8981 3.70736
11.1979 4.54572
8.54528 12.1098
3.03739 11.3054
5.49433 7.20199
2.25184 11.3489
3.72755 11.6387
12.4931 6.10962
9.45512 6.09057
8.83472 6.25075
6.75139 9.3652
7.52218 0.52848
8.98949 2.93299
7.03406 8.38593
3.75931 6.60779
4.71693 0.6722
8.62927 1.8857
0.782085 1.15649
6.48117 9.15384
10.6397 2.19859
5.0702 7.00443
2.87992 4.70342
4.11546 0.410888
5.63922 1.14618
3.97159 4.83486
9.24483 2.56613
12.4904 2.70892
6.48639 2.28109
1.90557 5.9868
3.40059 3.94967
3.121 3.51844
12.4609 4.03324
8.70079 2.77577
10.1464 2.14802
10.5714 8.70335
10.3779 3.04492
9.38224 10.5546
3.1536 4.39621
7.18496 0.833825
11.9261 5.43125
12.3438 7.70575
11.3801 4.51359
2.67535 10.6343
4.82604 5.88464
5.3503 4.44106
5.78559 3.94902
7.88008 0.966753
8.85113 5.92894
3.6472 12.3403
3.00495 11.601
2.57267 11.1762
12.0948 7.4199
3.34895 3.72592
12.4312 5.68067
6.24862 3.43833
12.1436 6.76075
1.07297 0.38612
4.0198 0.358625
5.85742 7.8384
6.71469 8.80385
4.76907 3.69648
4.10287 4.33139
2.58185 3.87268
6.80891 2.33921
5.19849 2.84905
7.11428 8.56124
8.04818 2.13381
11.2514 10.8244
12.149 10.9644
8.4083 6.42444
4.76199 0.301622
4.52109 0.183798
8.77568 3.28921
6.47166 8.31408
9.49282 12.0795
2.51104 5.85304
0.592796 0.12685
6.4596 3.62912
3.47638 11.2661
7.37469 3.38547
2.06507 0.699614
6.03087 8.72953
11.018 3.53881
11.5973 3.38482
5.74002 8.54272
8.40627 11.4558
5.38009 0.0447649
2.03684 11.8786
11.6291 10.804
3.34066 4.1525
9.4356 9.2075
6.67477 8.98219
11.7749 4.76606
7.95624 2.93387
3.63477 5.2768
0.815036 0.382759
10.9258 2.57499
6.9721 0.676032
3.38738 11.1894
10.6962 8.64428
4.90269 6.16806
3.74978 0.0558399
9.59955 9.74594
0.917818 10.8137
2.55776 11.8373
4.62552 4.39052
12.2746 4.822
2.99433 3.09217
8.56472 3.06256
2.23412 11.5321
2.98967 3.85925
4.75873 1.08281
11.5544 5.71789
7.01299 2.37123
7.58624 2.5639
9.77117 2.91826
2.66907 10.7722
5.2743 0.929846
4.76077 4.10699
12.0018 3.64054
12.4119 3.30973
10.4003 10.0652
7.18026 8.61602
7.30177 9.22269
5.47975 5.51709
11.0049 4.49907
5.76223 7.92499
4.2751 0.668365
4.81838 6.97572
9.88426 8.48072
10.6666 11.823
2.95824 6.3891
11.5074 7.53318
3.14565 11.8357
5.42953 7.2675
9.14964 6.0626
2.42002 11.9238
4.24639 5.60753
9.96152 3.02381
9.78053 8.67532
2.70096 5.98507
8.6034 12.4114
4.59787 1.0538
11.6283 3.73098
8.79175 12.1984
7.69642 2.20629
6.54297 9.4526
0.438807 11.0932
10.3759 9.69447
3.33129 11.6286
4.20329 2.6208
5.62083 5.32811
5.29325 5.32859
3.47385 5.07427
1.29837 0.442481
5.75554 7.3972
8.8705 3.03317
8.59041 6.12834
3.21915 12.1078
9.34249 12.0217
8.04576 2.9457
12.4278 11.1253
3.48855 4.38079
9.45604 12.2817
2.94737 4.47288
5.17817 1.64079
2.21032 4.43591
9.19755 2.32683
4.44669 6.35835
6.22937 8.50326
3.41562 0.110031
0.377038 10.6264
1.93582 7.21952
4.19446 0.186838
5.83685 0.409751
10.5324 10.6978
9.30995 2.88085
5.69962 8.0911
9.83955 3.75233
8.65205 5.93486
3.6432 11.4605
12.2679 7.52094
9.11363 10.7042
9.92643 12.2036
4.29808 2.58234
10.0356 10.1257
11.7658 4.91916
8.16202 5.76166
4.29517 3.80725
3.13073 4.45225
3.25125 6.06139
9.90272 2.72552
0.585024 11.0201
1.70452 0.641518
9.15045 5.66121
8.567 7.08243
1.29661 2.92752
7.42266 8.89487
10.4273 4.18625
3.02008 11.085
11.1908 8.80775
5.35679 0.587934
0.00404989 0.000245793
6.96087 8.86361
3.6848 5.1455
12.3267 6.20857
11.158 4.69375
2.02034 12.0737
8.28751 11.339
4.23633 11.6414
10.6623 9.20303
10.0038 9.2386
9.81996 10.6708
1.87969 11.4644
7.03504 9.06439
4.96532 0.430966
11.6947 5.67679
10.5087 9.12891
11.9009 7.57653
2.60976 5.92129
4.21622 10.5604
10.1976 11.0312
4.1201 0.546463
12.2453 8.34651
12.0206 3.99353
3.19806 11.8764
4.63221 1.79516
7.39422 2.91789
7.46417 8.7409
9.29932 6.92675
9.09075 10.8038
2.50714 4.30874
5.44207 0.441306
3.81545 3.97895
3.36151 4.13263
0.791783 9.97562
8.60852 6.01978
12.0097 5.21052
10.9008 3.30973
5.95217 7.96249
10.9922 9.07439
11.9621 4.3081
9.09993 2.80475
4.96997 2.88499
8.01616 1.00154
9.84138 10.1015
12.0126 5.61471
2.40719 5.9722
7.84004 0.770145
9.42256 6.41036
0.636893 0.693861
2.65422 11.5756
7.68622 0.707584
4.23539 6.00583
11.1072 6.20731
2.76029 6.12722
5.91481 0.257509
10.4609 2.30281
5.83629 0.934424
5.38682 1.49787
5.98958 8.43962
3.76676 0.592127
7.77798 2.54983
10.5326 7.94582
1.79637 6.23361
2.02482 11.6714
11.5798 2.72659
3.72547 3.53438
7.6729 0.43599
3.76696 3.64304
2.45835 5.33779
5.62455 0.729507
5.72141 0.0817911
5.81535 7.84707
1.6412 0.0576417
4.87288 3.98434
6.28421 3.55642
4.88091 0.170564
0.392782 10.934
8.33752 11.4179
12.1387 5.45099
2.26717 0.0686834
5.84817 4.1802
2.52 0.113362
2.09851 5.98946
8.15848 6.20154
5.93964 0.864565
5.34535 0.540005
4.82105 4.79823
12.4938 11.2749
6.67842 2.98524
9.46088 2.60601
6.50559 2.91394
4.73965 0.417012
10.5256 10.8464
4.45657 6.03721
2.0663 0.878211
12.2975 3.3252
8.25056 2.88554
2.67797 11.9102
3.23469 11.3067
7.25659 9.04997
4.26296 4.49293
3.73685 11.741
4.23277 6.23847
4.51091 6.4298
9.29165 2.40106
2.28149 6.29594
10.1004 9.84018
8.1501 2.92837
10.9104 11.7455
2.45077 11.9283
11.1002 5.2371
7.91444 0.164366
3.91184 12.4165
12.1153 6.76507
2.56732 12.2647
7.97166 6.34306
10.4364 11.9878
1.99365 7.18792
4.78389 0.478576
8.59286 2.75167
6.1912 0.411294
10.0686 10.8754
3.23839 10.8565
5.17522 4.84655
0.736789 10.8464
8.2719 6.66517
4.31857 0.356039
10.5779 9.81773
9.00892 11.282
4.88352 2.53474
4.11987 12.0623
3.73854 3.90545
8.84367 11.8557
5.89183 0.652
8.78649 3.69269
7.06951 2.74126
11.3985 7.9737
0.311137 0.523368
0.892067 0.880158
4.9436 5.33157
4.61673 2.29952
2.70118 5.96921
9.13533 11.8924
10.6102 12.2378
12.2702 5.82238
9.75576 8.90214
9.33836 2.22024
5.70294 8.25386
8.44541 12.218
6.76636 2.84266
2.55491 12.4168
8.40546 0.330028
5.24887 5.08714
6.58313 8.44297
6.76569 8.8682
1.96 6.18032
9.33548 6.28484
1.33435 0.0960778
2.41111 11.7141
12.0163 7.30073
2.63915 11.4352
3.85539 5.40573
5.74983 0.665468
4.78841 1.43325
11.4729 3.1322
3.21457 10.975
4.12458 11.6015
4.68637 4.57737
11.3764 7.85125
5.42851 1.94597
3.24213 11.5721
5.22784 7.62552
4.43711 2.96662
5.84958 9.28714
9.87825 2.84146
0.68583 0.73487
3.45114 3.41615
6.02592 4.56445
8.35408 6.38446
12.4948 5.67694
7.31225 3.38795
4.00067 0.570072
12.0701 4.94753
5.83514 0.159102
12.1805 11.9769
8.04287 2.99854
4.60852 1.89765
6.08056 0.446927
6.25205 8.30792
9.70363 2.5102
11.0092 8.66909
10.9476 11.3933
12.3983 7.74295
7.33358 2.77093
8.05467 12.115
3.35156 10.6712
4.55305 5.16451
11.1555 4.42708
6.69007 0.181585
11.0761 8.19186
3.42855 4.10405
5.6982 5.31802
2.6899 11.1627
10.7875 7.74562
1.478 0.890045
5.88391 8.83565
7.60056 0.55401
12.1652 7.22282
2.49747 10.7908
6.0935 8.23635
5.70881 2.45465
12.0206 4.80832
4.86546 2.55533
12.3746 8.888
11.2748 3.78295
3.79874 6.7621
11.9928 5.26036
12.0051 8.03181
2.56961 12.0013
4.49114 3.57058
2.56287 0.00152924
9.53302 11.4497
11.9477 11.586
8.924 6.12899
11.9591 6.76657
3.32448 4.04545
2.91376 10.4256
11.458 6.58814
9.09644 6.30136
2.36752 0.729074
1.79877 11.4114
11.3511 6.57763
6.15899 8.89745
5.05606 1.96921
4.85351 0.884855
1.75134 6.47626
11.5843 6.75409
5.6384 5.84354
4.50361 3.83898
5.25345 3.57314
4.62978 0.227094
3.54504 6.02092
9.02633 12.1285
4.28488 0.648649
9.58098 9.38468
8.09866 1.05079
5.57137 2.28923
10.6234 3.4856
4.86876 6.15416
11.7854 4.76149
10.131 3.36097
5.18307 0.723534
2.36957 11.375
8.4603 12.4937
11.2917 10.6201
10.5137 2.78445
5.24883 9.36258
10.0849 2.39154
9.81963 9.26012
9.38101 6.27862
2.07335 5.83338
6.22372 8.1905
11.7416 12.029
7.17118 2.48715
10.4801 11.0917
6.80319 3.15399
0.869726 0.699485
3.17631 11.2182
2.31232 6.04421
10.8896 3.00002
1.74556 7.1153
11.3311 7.31733
0.875707 0.308775
9.0836 2.86731
3.69391 12.0235
11.1749 2.34112
9.47506 2.18288
6.72688 2.49513
6.59052 2.48289
5.30079 4.9851
2.47599 11.3278
12.4794 4.17237
11.909 5.0527
5.18808 0.761175
11.9984 6.47501
8.83748 5.96505
5.42955 0.0779575
3.23944 6.49646
3.28333 11.3252
11.9913 12.1838
1.90659 10.8473
3.55045 4.37374
9.76211 9.49539
8.66176 11.9192
11.1878 8.0117
5.96563 0.262722
6.30287 2.62697
3.80446 5.16632
5.697 0.106717
6.32439 0.645126
5.52034 6.92262
5.55596 7.25025
12.3655 2.94135
11.6169 7.51127
2.67072 10.8989
6.77567 0.591569
2.46804 6.59058
0.26379 0.246748
2.34004 10.934
5.2872 4.99853
2.63258 5.4284
8.72993 2.24364
4.09509 12.3816
6.61884 3.36194
9.2953 2.73896
11.6969 3.10458
12.4428 4.42387
0.639617 1.15924
9.67912 9.54834
5.79687 0.132759
9.72887 10.2838
6.74287 2.39916
2.53216 10.8631
2.28338 7.10007
4.78395 5.42859
9.49502 6.55139
8.74558 2.54381
10.937 5.93368
4.25973 0.306682
2.28123 11.762
12.4943 10.7158
8.40482 2.09941
2.53062 11.1712
9.68 5.22236
8.95535 5.79585
12.4105 5.20847
3.40161 4.81544
4.8452 5.47814
5.167 0.145482
8.68627 11.3164
8.3712 11.5954
11.5666 7.20606
6.63952 2.45525
2.55498 6.46409
9.20109 11.1239
5.44889 5.72934
4.49154 0.0187329
8.05633 0.00765406
9.76592 8.86514
0.247917 1.23125
4.73132 2.12762
0.567628 10.2389
3.46147 4.48101
4.92562 1.14157
6.00767 2.44782
5.74044 7.1123
2.68357 11.1696
9.07095 11.5965
2.37262 5.41162
6.82045 2.61872
2.07395 5.4643
3.25417 3.37138
12.2177 5.83678
5.82378 6.76368
9.18227 10.1291
2.00445 11.8894
5.50833 8.04234
10.1386 2.7798
7.3874 0.346067
9.8998 12.0325
6.03487 5.66555
8.13684 3.23602
3.21329 11.7546
11.107 2.36482
5.71491 0.565839
10.0717 9.06526
4.18751 12.0814
12.4804 8.25071
11.9309 7.82433
1.74868 0.612313
11.0567 5.45897
3.96285 2.74433
2.0112 6.85614
5.42464 0.445479
12.2427 11.1094
6.37338 0.382144
3.78972 3.34069
12.2839 7.84431
1.92099 10.7665
7.922 2.36537
3.07324 12.4999
3.17447 4.89992
6.59742 8.76835
4.72503 6.97933
0.808725 10.4601
6.22038 8.24592
5.53592 0.679156
11.3237 3.82314
10.1919 2.80413
10.2366 2.98557
9.06419 2.56506
3.61656 11.2049
5.64137 7.58103
8.2013 0.263343
5.2992 0.771481
2.3673 11.6185
4.52176 0.645531
1.72236 6.48691
6.38573 3.4656
10.1816 2.90154
3.35429 11.9503
0.638169 10.0977
7.23028 0.00332065
11.9001 10.8004
2.47625 5.84914
10.448 3.90236
2.18957 11.2998
2.73856 10.6764
0.660105 0.637788
2.19957 0.939
10.4773 11.3421
5.52207 3.06569
9.21253 5.74609
8.7963 6.14339
9.39824 2.26489
11.9044 8.91814
5.028 6.99279
5.79135 7.95869
10.1164 12.0755
11.8023 5.86929
8.2271 5.83984
4.76769 4.60573
11.8219 6.2117
3.47728 5.25543
2.84462 11.4962
0.636247 10.3754
9.16002 11.129
8.48071 5.67084
2.42505 11.1189
10.6965 8.98036
11.1399 6.08419
10.3751 3.80172
10.9991 11.3831
5.31841 0.668232
6.07125 8.26903
10.4369 10.6413
12.025 4.53859
5.84465 3.79235
3.10374 0.0896075
4.32534 4.77862
12.2713 5.68614
5.53792 6.33755
3.12964 4.74173
0.474971 10.6451
4.48589 0.243938
2.45835 11.3526
11.4361 3.42129
7.6432 0.0509457
4.47174 0.181813
3.37836 5.0888
12.4709 3.58439
8.50419 3.64767
5.09748 6.72891
6.39997 2.3916
2.89962 6.86193
3.62562 11.5232
3.80578 11.7099
3.67058 12.3588
6.92091 2.42675
3.4525 10.9269
1.87075 11.7317
11.5889 3.02551
9.07025 3.50236
2.2902 0.717507
9.36117 2.36306
7.39634 0.705696
1.60637 0.892408
10.5722 9.96265
8.71875 2.65446
1.92742 10.7113
2.88569 5.36001
3.35991 10.8016
9.69116 8.93748
3.60301 11.785
11.601 7.07492
11.8428 2.57401
7.74232 0.538676
2.93059 4.18833
3.32569 4.17594
6.95918 8.58311
11.4299 8.06144
11.5111 4.78841
3.51591 3.50286
1.7369 5.82994
8.2425 1.93603
8.33853 2.75728
10.2454 12.0601
3.84343 3.41751
5.44944 6.46679
7.90561 1.0591
12.1418 2.73207
12.396 8.72812
12.3498 7.75765
9.52561 11.538
4.91874 6.19453
11.8213 6.00309
5.26305 0.499689
3.07021 3.94409
9.956 8.61617
10.6946 10.4636
4.0097 0.165221
7.84221 3.63213
11.9 3.13267
0.345762 10.7354
4.81628 2.87989
5.59095 0.808187
0.774307 10.5683
6.52742 8.81105
8.22885 6.13158
0.480701 10.3202
1.56705 6.48411
5.06949 2.55216
2.33307 4.24737
2.04863 5.94255
12.3197 4.43597
4.45807 6.72221
8.57597 2.63729
1.48583 6.39425
3.89834 11.7632
1.90185 11.2449
2.73296 11.3597
10.2844 2.6142
3.04595 12.2256
10.8859 9.21267
6.36036 9.28606
8.85298 3.53217
7.28503 0.333214
5.80019 1.87506
7.85413 7.76342
10.7987 4.3395
4.09893 11.6857
6.5528 3.40074
7.07045 9.05351
2.38752 4.98197
1.62636 7.02139
5.80783 4.09631
12.3226 8.27314
7.33258 8.96112
6.15125 0.013554
10.5541 9.87442
2.90403 12.0981
2.81833 4.25237
10.3801 8.38669
10.3406 8.20929
4.38357 2.29355
11.149 3.15838
8.67712 3.1512
2.76253 4.06179
0.272798 10.2316
11.8256 6.31184
7.15821 3.58995
4.62385 0.797992
4.66928 0.211251
5.63158 2.42301
3.15126 6.87382
10.6101 9.2409
12.4926 4.44301
2.31952 7.33476
9.45203 10.6778
12.0472 8.22456
3.67926 12.281
6.70299 3.21637
3.09531 4.6941
8.25932 0.10655
4.58188 4.03846
3.03819 10.9685
5.26652 5.3895
3.78207 11.7272
5.84267 3.8028
12.4857 7.88354
1.80361 1.21807
11.4018 7.29321
2.66374 12.4803
7.18975 8.64643
11.997 11.5051
11.6288 12.0235
12.3446 6.01862
11.0256 4.60471
3.69938 6.55546
4.49263 3.125
8.72497 2.85878
12.4759 7.71131
2.82809 6.01123
11.3304 8.30202
2.24253 1.14914
4.76377 2.64355
5.89457 0.152023
5.05451 2.15274
5.18228 0.319176
6.64254 8.11664
8.41458 6.50766
3.93527 4.27319
11.6805 11.2063
7.58077 0.0908177
7.91215 2.89554
5.0637 6.00162
0.47542 0.261602
5.44231 2.1094
10.1749 9.64311
9.84032 9.763
12.2881 8.10853
6.29934 3.22014
4.01915 11.1971
2.94113 11.9607
3.8539 12.1949
0.420263 0.826454
11.5263 6.54914
5.59895 0.199543
3.54727 11.8409
6.68127 8.83554
3.54233 0.341615
4.58426 0.986611
2.5808 12.3581
7.27231 3.01565
11.543 8.17661
0.644357 0.102718
5.70297 7.19909
8.2555 6.02897
6.36164 2.51446
11.1059 4.08354
6.75182 3.73817
8.43714 6.69733
4.83697 2.66646
9.54228 3.30048
11.0721 3.14286
2.07156 12.2804
3.04943 0.244869
10.9804 3.32796
9.04984 2.87526
11.7921 11.4619
11.9615 4.30387
7.25973 3.29885
4.88019 5.84347
5.96012 4.45753
0.963177 0.460351
7.44997 0.891505
11.3586 2.97497
9.14467 6.58454
10.0454 9.37074
6.39792 4.26803
10.0748 10.118
4.66574 0.833794
11.5382 5.89903
2.93078 11.7907
11.792 4.27812
6.10574 8.02191
9.2399 6.73253
0.0973018 10.6984
2.63763 11.4645
5.27014 4.127
11.8449 5.31684
10.401 2.58131
7.80212 0.234244
7.27592 0.628932
4.85772 6.89302
11.3111 7.54693
10.8882 3.17414
1.05934 0.218099
8.78003 6.51257
11.4912 6.16286
6.26753 8.79813
11.0322 8.66306
6.58673 9.5272
1.91606 12.3719
7.2141 3.39045
11.2079 3.3986
11.312 11.5744
9.05882 6.71462
5.21073 0.281629
1.51974 6.51338
2.69806 6.61348
6.28167 2.62818
8.50597 12.1693
3.58137 3.71497
11.389 6.18611
10.9561 2.48723
6.20452 4.48587
11.182 11.6937
8.85275 6.26762
1.58358 0.280173
6.08368 5.19815
1.84243 6.49231
1.4455 0.26557
0.0441222 9.66538
3.33796 6.09268
6.43303 2.83177
12.2015 4.97468
0.760244 10.4335
11.8676 10.73
6.99598 8.94546
12.3478 7.71395
11.1796 3.32033
0.156451 0.070285
11.1902 3.2296
0.12944 1.10163
2.51832 11.0645
0.488026 10.0731
12.4832 10.3804
9.76421 9.91361
5.70419 0.367477
1.72192 11.1132
8.54458 6.25572
3.65446 5.72463
3.21272 4.373
1.40799 6.46089
12.3153 6.67494
10.8537 3.20902
3.5069 11.6293
9.90653 12.2444
9.01281 11.8935
6.83096 0.346068
6.26652 0.130587
5.14774 0.773632
12.1918 11.7082
1.97085 11.6886
4.62923 2.24139
7.00285 0.108214
1.47565 6.74636
5.66538 8.25744
6.86992 0.371091
5.17547 1.44412
4.65564 5.8066
9.47197 6.3234
8.59536 5.87427
9.26361 9.09999
2.29529 6.18885
11.8213 11.1408
11.3092 3.78409
0.551722 0.00983952
2.30233 5.09891
11.4047 2.77452
11.9922 4.69704
11.2052 3.05537
12.2973 11.3361
5.70028 8.71166
0.424914 10.5646
4.55414 0.703953
7.13319 2.73557
8.04735 3.22444
4.66909 0.578726
11.5941 10.8462
12.2618 3.96081
2.22639 6.216
1.24345 0.58585
3.37979 4.21016
8.27838 6.86027
7.86595 3.33928
8.28767 6.1173
9.725 9.6314
5.13929 0.61639
4.6458 6.53465
2.61004 5.83114
10.1977 8.84326
11.1357 8.09659
6.6384 0.476532
2.70077 6.27006
5.21952 0.709025
12.4736 7.54223
8.76121 2.77055
5.95972 7.77448
2.61084 12.1361
5.93395 3.77653
5.59067 8.46742
11.9307 8.71762
6.06307 0.205206
4.67438 5.92996
6.1204 8.80104
12.3388 6.06936
4.11417 0.48921
8.46422 6.49239
4.10451 11.8511
11.4148 6.48984
1.50896 0.879874
2.32489 4.1711
8.07029 0.51308
10.0325 12.1262
12.4839 8.57283
2.18357 11.5509
0.631474 10.4913
7.89137 0.167402
5.91633 8.65631
10.6774 2.89224
2.75733 5.2909
0.821938 1.15971
5.08503 1.52967
3.96768 11.5836
9.06149 11.149
12.127 3.44882
5.89012 6.36254
11.2812 11.1395
0.92944 10.0259
10.3184 2.27495
2.45596 11.2022
9.05821 3.07026
4.58976 3.21921
11.2137 5.79477
8.8352 6.69913
7.4421 2.72632
12.1883 5.13761
8.89948 2.27189
4.42284 2.37402
2.45862 6.19823
12.494 8.63135
6.56239 8.52951
8.42068 12.0049
11.1682 6.27607
1.77412 6.19808
3.4051 6.00323
9.786 8.90873
5.17284 2.64007
8.99812 5.94045
9.17006 3.27217
4.87356 0.441214
1.4235 6.37599
6.4226 9.1044
4.98371 6.55217
6.32458 2.401
4.2963 2.84579
4.88666 0.539048
11.0387 7.37332
6.99995 8.486
2.32586 5.33816
5.22812 7.15025
2.78202 3.99445
11.6072 11.0838
2.22176 10.9965
12.0445 12.3514
9.2717 2.47555
7.19842 8.78014
7.29452 8.79142
4.83072 0.173995
11.994 4.3293
2.22622 6.93274
6.98904 8.34167
6.05414 5.36146
11.0806 6.71639
6.14577 8.83863
9.15466 5.81253
9.56103 3.78146
10.8653 3.52104
12.1307 3.98983
5.39294 7.97986
8.25331 12.3436
4.14373 11.5472
5.37987 8.3308
10.1353 7.58579
11.603 7.81179
3.06651 10.6388
6.78975 0.588484
8.41774 5.91349
3.403 10.7666
4.64819 0.822355
5.03315 6.18519
10.8459 8.12318
0.0877807 0.936276
7.19666 3.38846
11.4302 5.56096
9.75527 10.9221
2.86959 7.21046
0.229627 1.10734
12.4773 8.30603
8.94692 5.95112
5.6987 0.159555
6.17737 8.714
1.67075 11.6748
4.25579 0.738548
5.01699 0.66507
0.290435 1.08534
10.0426 9.61124
0.59807 0.393229
10.5902 3.27456
1.2632 1.01093
0.560901 1.30137
8.49564 11.8119
8.40023 11.5853
8.98843 6.46055
11.3431 6.34297
11.9294 11.1572
8.56815 11.6998
6.98006 3.25942
11.3929 10.8089
12.4849 5.77633
7.70266 3.20415
7.56457 2.46582
8.9804 10.8576
2.34332 11.3361
8.99902 12.2985
11.5398 5.83465
10.4005 8.76801
2.43977 6.01461
5.12165 6.18247
6.75215 0.636675
11.7671 6.31502
6.00593 9.19045
9.69935 11.2301
11.6522 5.34395
3.79538 0.57064
5.17238 5.84362
2.25102 12.1339
6.77096 9.55414
1.45919 6.68028
3.76154 12.0204
1.56089 6.29487
11.9633 11.1277
4.19094 3.57442
3.1154 11.5778
10.2626 11.2204
12.3927 5.2414
9.74562 2.84233
3.65522 11.7596
0.456584 10.8496
11.1903 3.20891
0.900405 0.513258
0.183403 0.346073
5.36934 1.3928
6.50515 0.239745
11.3214 11.1886
3.80696 5.401
12.3963 4.54225
12.0878 6.82434
8.78145 10.915
12.1359 4.47847
3.75156 4.24326
0.0807731 1.27554
12.4517 11.2955
1.54739 0.485539
2.45799 11.5769
9.93253 10.2545
0.0338076 10.2671
9.92096 11.0719
7.75429 0.880943
11.1161 5.82978
8.6173 6.71909
11.1256 4.15162
2.40953 7.17805
11.2759 8.69938
4.18844 0.725951
12.4157 7.60354
2.17813 11.5522
3.85896 0.0873359
1.58411 6.63834
2.7235 4.33569
9.3843 6.63334
5.72551 7.98078
2.33974 3.9863
7.7046 2.78656
7.48296 3.54783
9.61635 10.182
3.3326 1.29844
11.418 2.50685
7.12497 3.53322
5.73184 7.42164
9.33993 10.4286
6.69413 3.73719
3.38412 11.051
5.60961 6.2425
4.66146 0.594171
10.1988 2.8766
11.7174 10.968
6.59217 9.10813
9.55831 2.03746
11.9743 5.07583
9.43507 2.14469
10.507 3.962
4.1784 5.11762
12.2039 6.10481
5.37233 3.90784
7.79809 2.99879
5.76798 0.339002
7.35249 2.60392
9.85931 9.08104
1.23424 0.181566
5.95556 3.54136
0.014204 10.4227
11.9006 4.59142
5.07986 7.62227
7.07269 3.33809
7.8273 2.38927
9.64291 10.9238
10.9957 6.08124
6.56157 8.45269
4.35359 0.307208
7.41917 0.755656
6.83539 3.98078
11.2278 6.11892
0.662355 0.272961
11.9796 10.837
4.34726 12.0938
8.32291 0.611928
5.01778 8.85739
2.75729 7.05902
2.42557 6.67765
2.91106 4.96135
10.1519 3.78698
4.06445 3.94575
10.7082 2.798
0.343967 10.5528
1.67214 0.213973
3.05557 11.3628
5.90814 2.97617
1.68907 5.93837
9.47545 10.1343
3.74603 0.569259
10.923 4.00942
8.39373 5.77162
6.06497 3.69385
2.80116 5.95492
9.77671 2.7062
0.291036 10.7832
3.02133 5.96551
10.1824 3.93957
1.72335 12.239
4.61395 5.92331
7.21043 8.73367
6.99781 9.40674
3.34937 3.27868
4.76545 1.31499
11.1347 2.74258
0.00950531 9.84417
11.9252 5.88253
4.61275 5.4813
2.91134 3.68418
11.2259 2.77772
9.30375 9.78062
1.4667 6.75925
8.64288 6.35503
12.3963 11.7648
9.00831 11.8474
12.161 4.49288
1.22913 1.22096
5.01788 0.12134
6.93164 8.85091
11.9051 8.89252
8.94382 6.38606
6.52393 8.09077
9.39394 9.35673
10.6168 9.96671
9.0358 6.02774
1.25806 0.567298
8.12751 3.31071
10.0181 9.90525
3.37547 10.2135
5.82122 7.11117
0.105527 10.9974
9.99898 2.10545
3.75543 3.50121
2.00956 6.88762
7.45972 3.04885
11.0221 4.21106
0.358629 10.615
0.526399 10.2997
9.20552 6.09953
0.224237 10.8583
2.15626 11.3152
8.91974 10.9963
0.0705847 0.805782
5.22632 7.69901
4.56787 0.337774
8.98635 11.0125
6.58486 4.2633
11.3823 3.28155
3.41159 11.1726
6.08403 2.64704
5.50739 6.15431
1.52354 6.33596
0.299516 0.13275
7.79101 0.354024
4.16109 0.550677
12.1209 4.27382
8.98273 12.3472
10.4392 9.15018
10.9634 6.22552
4.82708 5.7366
2.88534 0.108845
3.99213 6.22417
4.73673 0.00127852
3.2565 3.75339
3.74898 3.81091
1.80073 6.36988
3.90975 3.48339
8.37687 2.92405
9.51791 6.29013
11.8848 8.72187
1.49605 0.571819
4.44067 3.30207
5.78923 4.70307
7.08358 8.56047
10.7281 10.4381
12.3273 6.28595
0.596482 10.5894
8.42723 11.2424
8.72915 6.7772
11.0709 4.24202
9.57983 2.85466
10.3183 2.61814
4.96559 2.02919
8.05496 12.2722
6.73699 3.94166
10.8696 7.91899
7.95469 6.31838
11.833 8.19528
1.5618 0.494768
2.84558 10.5975
2.01199 0.924679
7.6232 0.42294
2.27837 5.32826
5.18499 0.317523
2.41277 7.08359
8.84436 2.8208
3.81691 3.75216
2.8486 11.0088
6.65798 0.368538
8.43833 12.0051
0.656204 9.99155
11.0152 7.28907
9.41646 6.41378
4.93958 1.8604
9.53908 8.5218
2.7885 12.1236
2.66094 3.68325
8.72246 1.90508
11.8758 5.90579
0.87977 10.1014
3.65936 0.00617732
10.6834 7.94207
2.30219 3.83761
11.111 8.68766
5.57362 6.60168
9.57438 8.71091
6.27044 8.54599
5.85015 7.95814
0.00494359 9.91051
8.7101 6.42882
5.98912 9.18339
0.585237 0.08407
8.19843 5.79105
0.386934 0.241639
4.26176 5.17657
10.8323 8.43983
1.10118 0.0596358
9.6237 2.48718
10.0853 12.457
4.62901 0.626418
0.0103767 0.568031
12.3955 4.14456
4.77335 3.44763
4.40981 6.37743
11.5578 3.61759
5.16729 2.61576
4.09156 0.635872
11.4739 5.59503
2.57323 4.13451
5.43557 7.02111
11.7057 5.0239
4.4634 0.427103
1.50493 0.944429
0.109286 10.4231
3.44353 4.01231
11.5919 6.47531
11.8329 6.6133
9.9335 11.0267
7.39838 0.726813
8.71973 5.69812
0.762963 1.21021
9.10317 2.70157
1.80829 6.014
9.54267 6.21435
5.41674 3.33331
8.71869 3.4354
8.54822 11.4764
2.0644 11.6584
1.48429 6.69527
6.82729 0.190126
8.32035 0.393379
8.72477 2.64316
5.64644 3.30132
3.66213 11.7154
10.8041 3.17915
0.351555 0.464663
11.7158 3.97487
12.0758 5.96791
0.240105 10.9924
0.702356 0.516717
9.95659 12.3752
11.6615 5.65547
8.62263 6.00251
11.1155 6.28067
8.15457 0.243483
3.17724 11.0164
5.80946 8.68739
7.55543 9.01678
1.81856 7.13398
11.6486 3.75578
4.9682 2.497
1.85648 11.7304
9.23647 9.40301
3.44455 3.76322
9.84452 2.47795
12.3805 6.02979
7.14148 8.90767
9.02199 6.70485
11.3519 6.7126
7.18946 9.36744
5.1829 3.45029
6.40887 0.711703
6.0872 2.61298
8.75378 3.44941
0.848117 0.605771
9.80255 9.74754
4.74718 4.1469
9.02378 11.6154
4.77184 3.41809
7.94588 0.384767
1.2081 0.870964
2.30375 6.4459
11.0744 3.2524
0.628703 1.07553
3.05566 5.84737
7.87792 2.9339
5.23502 6.40603
3.47135 4.3962
0.728262 0.878914
8.84509 11.9356
6.08526 2.89229
10.5082 2.35557
3.57678 12.4306
0.448433 10.5771
11.4551 6.5502
9.42481 6.26364
6.06813 0.212134
2.01552 4.80673
8.98012 6.45607
4.8343 0.0818385
8.27561 0.116222
10.9596 9.17344
3.94942 3.29486
5.6905 3.93518
11.4916 8.40092
11.6857 6.60567
0.27968 10.9555
2.50717 5.26336
9.41588 9.278
6.86067 9.44891
1.6177 5.98498
9.26062 5.69818
12.135 4.11061
12.2415 7.05629
10.2993 9.14722
11.6133 6.27287
8.49092 11.455
10.7846 10.5297
7.97714 12.1626
0.797838 0.302439
6.32277 8.98007
6.04332 8.90087
6.72717 2.8741
4.69588 0.0891658
2.2162 11.4265
3.16319 12.4449
9.34451 6.15182
2.96327 3.83083
6.92829 0.184535
5.37074 0.709804
12.261 7.04961
9.9217 2.53798
11.7131 5.30992
12.4476 10.886
0.134405 10.065
7.1275 2.93091
11.8813 11.7054
7.8079 0.62884
2.18896 6.28903
10.9337 11.1671
12.1243 8.3734
4.81776 11.0026
8.19365 0.395019
5.85453 0.615962
4.59973 2.15087
4.76462 6.79573
12.4798 6.16151
6.15547 5.91317
7.77642 11.9077
4.26503 3.66003
8.09758 5.92092
11.5976 8.87997
8.49341 2.67019
2.18221 6.60494
10.0555 2.59041
8.62296 3.44257
5.48523 2.58094
10.8471 8.16988
6.19041 7.90823
11.0216 8.13076
3.48978 4.18223
8.19437 12.3222
2.30914 7.04308
6.38494 2.47014
6.00615 7.77153
9.64759 9.26124
1.89991 5.33124
9.00589 5.79256
7.35643 0.472641
7.402 0.736923
1.58767 7.00229
2.94808 10.7347
8.32078 6.15001
9.03893 11.6416
4.63833 2.25269
11.7435 2.96914
7.83526 2.50884
2.8665 4.15781
12.0296 7.95738
9.9732 2.48769
2.74118 3.42767
3.87667 0.0760832
0.443968 10.2699
2.80213 3.55744
3.11156 4.29359
3.91134 3.93268
3.06775 6.43267
11.9391 11.1384
5.14987 0.347854
12.4645 6.40347
5.6941 0.679313
12.0406 2.6686
4.52177 1.64144
9.49848 3.64301
8.271 3.39452
2.96016 3.79694
7.28921 8.93464
3.41076 10.9581
2.41444 10.904
2.04046 11.5044
0.829132 0.274653
9.56027 9.1959
11.9818 8.03869
1.76257 6.98092
6.08559 2.8052
5.12548 0.130118
4.45144 0.431062
9.29314 10.2769
2.02398 11.4513
2.17441 11.5772
8.01731 0.229202
6.56866 8.37125
8.10057 6.6174
0.83998 10.6398
10.4498 8.68771
5.57667 2.39135
7.17957 0.39527
5.405 8.04447
10.7295 8.36089
7.45145 2.567
2.75781 11.1313
0.351075 0.624141
12.0458 4.7216
9.76556 2.37416
7.74087 0.446648
4.43003 5.36978
0.407146 0.669308
4.71336 0.481295
11.3017 3.13313
7.5189 1.01947
3.34237 0.000994815
11.9293 11.4003
0.738125 10.2955
0.402548 0.459029
0.471577 10.4612
5.03966 0.179833
7.2266 0.783262
10.569 8.22636
9.43804 9.39084
9.18809 11.1528
10.2636 11.6333
7.02685 8.67665
8.72511 2.02488
11.9148 6.9602
9.83398 12.3315
8.81879 12.0832
7.97113 12.1175
3.2705 5.92896
6.67172 2.29717
10.0092 3.86713
5.94917 7.5546
5.39421 2.43405
9.74988 9.73623
5.16997 1.65769
2.80143 4.02767
1.68527 0.52086
12.3708 7.3964
5.04954 7.5973
12.4202 11.5052
1.74439 11.8048
0.817319 0.36554
1.87731 0.313397
5.50878 8.08865
9.90201 11.3342
4.4201 1.11614
5.25521 6.27191
10.4844 11.616
2.92959 5.75517
2.68125 10.8882
3.09962 5.92219
5.23458 1.08586
7.60364 3.5598
12.053 11.0272
8.56226 2.07174
7.24893 8.92325
2.96355 4.23116
6.42422 0.0982173
6.75257 9.20617
1.90942 7.04385
11.8306 8.27268
8.69515 5.7218
8.45199 2.3876
12.1382 7.58571
2.87609 10.867
6.37175 2.84511
11.5949 5.53262
6.69671 0.318729
11.6381 6.29649
2.39207 7.19527
8.7877 5.80616
5.30175 3.0086
10.162 2.29042
8.5028 6.18885
11.7468 11.9275
10.4196 10.6074
11.2096 2.99377
4.14018 0.247687
12.413 4.3556
4.7621 2.74931
9.94983 8.97261
5.14312 1.44205
3.95011 4.4695
5.05647 0.363955
3.82894 12.1635
9.98196 8.43634
10.0827 9.35021
10.7197 2.67966
0.0496881 10.1887
0.225631 1.34092
12.4575 5.33801
4.63507 3.50053
5.63499 0.629727
0.348575 10.8057
3.57837 12.0079
2.59028 0.0651254
10.2435 8.9716
1.86748 10.9101
1.75537 0.491671
12.3359 10.4202
12.3754 11.34
12.0614 11.1881
4.12029 3.64057
12.2485 2.97612
5.95513 5.03686
2.04434 6.29847
5.18547 7.24373
3.00741 11.6862
5.53961 0.627906
4.54507 2.72258
4.17366 0.33462
9.00408 5.85057
7.01037 2.82364
8.63433 5.79049
1.02607 10.1596
7.04483 0.625631
12.4968 11.3332
11.7244 6.93491
9.74969 10.4585
11.5334 2.86557
4.85916 0.336126
2.25885 12.2644
7.12938 8.68164
12.4491 5.12399
0.137819 0.78855
4.15137 6.5914
2.27177 7.32791
5.78367 0.295156
10.9169 5.82339
5.19012 4.92229
12.0916 5.07256
2.56173 5.14525
0.520181 9.86891
11.0409 3.51928
5.72381 8.78959
3.05556 6.79854
7.14808 0.898434
3.76024 4.73237
3.84443 0.300581
4.51685 1.78142
4.18242 12.021
4.21141 0.914281
8.8657 6.25498
5.83788 0.0172193
7.87971 11.8783
6.55188 3.16422
2.55285 7.10035
9.06379 3.45523
4.33817 5.35197
8.52412 11.5135
2.44101 11.6395
9.03146 11.1308
5.16509 2.04121
6.43596 9.30273
5.71095 3.82219
5.56897 0.199872
5.02098 4.73319
11.1375 8.63887
4.66382 1.03666
2.99789 3.39142
10.1728 8.16483
8.02215 2.5529
3.00736 4.64865
4.69667 1.44737
5.82562 4.75494
11.731 6.13654
11.8763 5.41457
12.3673 6.17902
4.43326 6.21095
9.13769 6.54849
5.1322 0.0380324
2.85323 4.43128
3.78848 5.506
6.36775 8.35472
3.23045 3.83462
2.17234 7.12864
8.97629 12.1521
2.33462 10.1267
1.4563 0.790102
11.9264 7.27668
4.60952 0.567273
0.244628 10.4504
0.975158 0.532595
6.64409 0.089461
9.03726 11.834
9.97357 2.64736
12.3947 5.8947
0.961708 10.2057
5.56816 2.49173
4.69778 2.39118
9.58023 11.3284
2.47511 11.2085
5.92004 7.39441
11.5642 8.10611
3.80476 11.9635
10.1996 10.3683
6.84508 2.68222
11.7541 11.8438
7.95722 6.21436
6.20271 3.59741
10.0825 9.7824
9.03918 6.18726
8.54867 6.51797
8.53502 2.31183
11.2823 8.56756
7.36498 3.89227
10.6674 11.0704
6.85301 0.264863
3.87754 4.66891
1.60711 1.20809
7.97828 12.2247
5.47655 3.01323
8.1017 0.416014
6.02689 6.13346
8.97763 5.79216
5.38238 1.22054
11.3592 5.34926
5.02334 6.70518
0.0564768 10.1033
9.30193 6.42022
4.34921 3.24547
9.10861 6.07458
11.5617 4.83824
11.6525 5.95485
8.03721 11.7809
4.03206 12.0265
3.04343 11.841
1.59476 0.814741
1.75287 7.10822
5.74257 0.490666
5.77824 0.869746
8.7415 2.37525
10.3347 8.69419
11.2017 6.35247
4.75963 3.25017
5.58689 4.49864
0.430572 0.670263
5.00141 0.438653
12.1859 6.1677
6.09981 2.84873
11.7429 6.53802
3.89976 0.330607
1.89655 5.93467
0.362672 0.354811
9.14831 3.53952
8.03541 3.22544
7.08328 0.259419
12.201 10.9507
11.0509 7.33656
12.2267 6.75451
11.9835 4.03828
0.299203 10.9846
12.0561 6.97815
5.99216 5.6464
12.4103 4.19193
0.0237977 1.28913
0.775256 0.341756
5.396 5.85318
11.6138 3.21984
5.2583 5.54951
11.7699 7.17247
6.72092 10.4052
7.8746 12.2447
9.40108 10.372
1.94099 0.595816
8.11386 3.70575
4.5926 6.86013
3.13018 11.2245
12.3223 8.49214
11.6773 6.03245
11.9221 8.65663
5.80233 8.35523
1.99781 0.0568348
3.36481 11.0702
6.83914 0.076104
2.71509 10.9598
11.2485 5.47982
8.19623 3.20888
6.13576 5.68486
10.4992 10.9985
11.1301 11.748
7.2577 3.79372
8.46605 11.533
10.1685 8.75353
7.64631 3.31168
10.0384 8.84
1.72686 6.78487
6.01539 5.415
4.80248 0.351858
5.5505 7.09009
11.8528 11.4099
2.51595 11.2409
1.57872 6.64817
1.02947 0.777339
5.102 1.55565
6.59979 8.47327
8.20812 12.3735
12.1951 5.42402
8.47107 5.99645
2.62036 12.0498
7.97374 2.26163
5.93754 4.36509
11.7096 7.10426
5.12428 4.24907
5.00079 4.31721
4.48226 0.288279
9.1268 5.80311
10.3965 10.3747
10.4083 3.81224
7.28726 8.54936
0.629218 10.0877
8.29282 2.94998
11.7235 3.07783
7.28295 0.604383
2.51556 3.69382
10.4403 2.52516
2.40505 6.55464
12.3826 5.41766
2.98664 11.9771
5.12331 3.35033
9.89908 2.45642
10.994 3.57012
10.6979 2.53574
4.51745 0.424079
5.41165 0.776443
12.0647 8.25134
7.42476 0.0986151
2.64257 5.0213
3.86207 11.6109
9.24168 6.0171
11.8165 5.43076
6.16796 0.778532
6.50737 8.52489
8.92882 6.50323
5.59465 4.27415
9.5954 9.10599
5.43528 3.50566
5.96377 0.782524
8.50831 11.4993
6.95323 0.619575
5.02735 9.83392
10.4658 11.6809
3.38595 0.262061
8.23415 2.91702
5.9276 8.45312
4.42399 3.2366
10.3833 8.73743
9.13728 9.71619
5.24723 3.48921
7.29439 9.41681
8.80001 3.14994
4.40566 2.65093
9.54794 10.7061
8.95814 6.56074
2.4456 7.00486
6.31648 8.54375
9.01771 11.913
7.30595 8.8786
5.50804 3.31032
0.144414 1.43354
12.3532 10.4813
2.94381 11.5044
5.18966 2.22068
5.61356 5.06169
2.99373 5.64587
7.26985 2.84396
11.5986 7.12494
6.64434 9.10487
9.27092 10.7673
3.97966 0.53321
5.79209 7.45718
12.3644 2.93714
9.75496 2.68522
11.3619 5.11798
10.3684 2.86523
11.7233 4.64268
4.78834 0.933933
0.634684 0.0513881
5.97072 8.66138
11.0822 5.32433
5.41864 6.52609
12.3095 3.24223
5.37726 0.783825
2.29884 0.434297
2.33855 6.31779
7.2643 0.950232
2.15314 6.25026
2.69361 4.02561
10.9227 4.77069
3.6934 11.2604
4.89071 2.97854
5.58944 4.55517
9.91818 2.7623
0.221767 9.78295
5.1416 1.43746
2.91703 11.3554
5.88871 1.87965
3.00759 11.5898
12.1561 4.79255
5.7988 8.35643
7.53951 9.15997
10.8846 8.60633
3.94132 1.87517
8.36606 6.59048
8.63128 6.77912
1.94404 12.2304
7.36226 9.32877
7.47297 3.01421
10.7719 11.9295
3.65122 3.73305
7.76468 0.448976
3.25478 11.3459
6.93122 3.53611
1.7602 0.958695
9.18045 3.00104
6.27461 8.29342
5.72498 6.28604
7.44413 0.12758
11.2593 5.96023
9.79137 2.83129
3.16921 11.4624
11.4704 5.30865
1.63121 6.00216
6.1652 9.37129
7.79496 3.36731
0.852908 10.319
10.5863 11.3232
3.84403 4.25353
9.85489 9.25691
6.28521 3.68407
8.69494 2.07949
8.41478 3.52816
12.4869 11.2221
12.2629 8.32287
3.20231 5.89599
12.024 4.447
9.90701 2.69084
12.3477 12.1747
4.51439 5.82662
3.23832 6.14395
11.9175 6.12396
6.04317 0.439527
5.68943 0.267359
8.44439 3.56431
9.1801 2.19171
8.50346 5.72451
3.63292 6.61872
3.3258 11.4629
10.815 11.7975
5.81258 6.34107
0.171925 0.687137
2.17515 10.6393
2.10834 6.59583
7.91009 12.3012
1.21164 0.543185
5.99332 4.88281
2.41415 10.9538
10.7779 8.05002
11.5132 2.75781
10.457 2.4368
9.94613 2.88315
5.42961 0.479929
2.39253 12.2614
1.88132 6.23594
11.1854 5.62512
5.11374 6.28037
11.8461 2.74613
5.96539 2.06186
9.61291 9.23217
11.4798 3.45673
12.4403 5.48538
1.9998 6.66613
3.4724 5.94227
3.31295 3.2401
5.09401 1.41738
8.43039 6.20498
9.35753 9.49365
1.21108 0.106093
12.2759 6.95149
10.8334 8.30392
3.16726 10.7255
4.54208 0.209939
9.55325 12.335
10.9565 10.6704
9.07004 9.27542
11.2333 9.00275
6.00744 3.87768
10.2235 8.60155
7.28575 2.6998
2.99088 6.16901
9.55064 6.18371
1.76394 12.1819
9.09127 2.83142
7.28526 0.209761
8.88884 6.51321
10.3636 3.87166
9.32095 2.29465
4.71479 2.08997
5.33355 0.187678
10.3844 7.90265
11.2745 2.6849
10.0307 8.60146
10.7415 2.57167
6.16161 8.26698
7.42624 0.903283
10.794 8.6205
6.90143 3.76143
8.08066 11.5476
10.1459 2.83113
11.8082 4.77479
9.72602 10.8014
2.49538 7.62206
9.18385 9.97545
12.4832 5.22993
6.35663 9.09182
9.48955 8.63706
1.29634 0.410204
0.282783 10.3428
5.25848 2.13361
9.63201 10.5358
9.55712 3.27839
10.1413 10.5678
9.41584 9.24733
7.9694 0.390514
4.36244 4.82194
1.65337 0.961318
6.85627 9.63465
5.53873 6.27132
4.57552 3.48832
9.19527 10.2077
11.317 8.94364
10.5934 2.91389
9.17494 11.0891
8.85251 11.7669
5.37781 6.66522
5.75247 0.573503
7.34963 8.80826
6.06821 0.648377
11.119 5.15146
4.16501 0.114788
5.07496 2.26354
7.42983 2.63659
12.1423 8.70891
1.38672 0.348775
5.95416 8.14524
6.11514 2.51843
5.27535 2.18821
11.992 3.62566
5.4025 8.03062
8.55102 6.22131
7.36729 9.18901
7.82874 0.568
8.6858 11.219
10.6546 3.17705
4.15279 3.34211
3.88399 6.65699
4.83689 2.60209
3.36654 11.7177
9.19425 10.9515
11.2059 6.5934
3.5596 0.263941
6.25528 3.33187
11.8201 6.56623
3.4635 11.4759
8.45102 11.8894
9.35475 8.98811
7.3169 0.0207797
4.9944 4.32442
5.51452 6.82652
7.55617 0.235922
2.1043 6.46596
12.2386 8.5798
8.76565 3.25874
2.92386 3.5624
10.2418 11.5965
11.4365 4.61105
5.1468 5.19606
5.24523 7.63558
5.38195 8.00332
12.3258 7.79373
3.40356 4.38478
6.75582 3.86625
11.1128 2.72392
5.87734 8.5272
5.43348 1.54998
9.22556 5.63667
1.54892 6.91662
3.1738 11.4021
5.50252 5.58176
5.05307 1.34039
5.87171 4.17788
2.83648 11.4923
2.42514 12.4835
2.73369 4.42136
9.57408 11.5421
12.386 3.99258
8.79782 6.93376
5.96837 2.41493
8.1559 0.672735
2.98553 12.0895
5.99195 6.44254
5.42323 2.00931
11.3289 8.2683
10.0728 8.86683
1.8167 6.8238
3.07411 11.5506
10.3691 3.31431
8.69234 6.56162
10.4835 2.27427
0.53376 10.5186
5.90282 3.63721
7.08762 3.18458
2.4736 12.3758
10.9188 7.98815
0.522061 0.842521
4.05677 0.533142
11.4204 10.7127
11.2008 2.48153
7.7294 3.09538
7.29066 0.316438
11.6562 11.5386
3.20539 12.2293
4.45506 0.556041
12.1727 11.0056
0.10984 10.7451
0.462117 7.47759
11.8375 7.70881
9.21559 10.807
10.7599 3.91002
3.91949 11.6802
10.3146 3.47999
8.48896 2.10097
2.96728 7.97725
8.47015 11.8037
6.47338 3.98346
10.8219 12.317
6.17279 0.523316
2.69464 11.2345
6.25346 2.60064
1.71785 0.461458
1.87823 6.46309
8.40962 3.48039
5.64357 6.02142
1.01219 0.253121
4.61453 1.17592
2.41365 6.85216
11.6953 6.93754
11.3976 6.49695
10.6174 11.6608
4.21806 4.42209
11.0635 5.91414
9.15246 5.71147
5.96691 6.85747
9.29159 10.7869
1.1393 0.0316729
6.00464 8.75806
5.65009 5.57488
7.81449 0.566177
8.83446 6.28704
5.60223 7.74735
2.82747 11.294
5.82611 0.342457
3.28467 11.3874
8.15686 3.34024
4.09554 3.98367
5.4173 3.20633
6.90577 0.253936
5.59402 5.06413
8.80435 6.67058
0.826134 10.5865
8.52895 11.4721
11.1551 11.3391
6.65577 3.29215
4.31971 0.375726
12.0273 11.964
7.52747 0.965649
3.65099 6.01157
10.1636 8.93242
11.1408 5.09222
3.03704 10.4186
6.90957 0.256468
11.4561 3.77977
4.26808 0.115942
3.29322 6.37871
11.982 2.74888
11.1355 5.14149
11.133 10.8612
6.11361 0.0126079
5.09155 2.25022
11.0538 8.32751
9.76293 9.42351
6.15016 4.34771
0.633255 0.316965
6.32654 9.55772
5.45531 0.457289
7.5707 2.64622
9.90389 2.1762
3.26832 3.23686
1.15242 0.29457
9.68361 10.0126
8.43224 6.1717
1.29688 0.560258
10.7987 11.7487
8.49734 2.29525
12.4617 12.2469
0.230422 10.7979
1.77694 5.83665
10.7047 3.04007
2.0192 10.5459
10.4513 2.64081
11.2425 11.1133
6.90008 0.638787
6.83206 3.29068
1.00946 9.8742
6.08722 0.416995
7.35672 2.82106
1.55584 6.48865
9.35802 5.84041
9.51952 9.03841
3.04362 5.95071
3.82856 3.71334
10.5001 3.15835
11.3314 11.8446
7.52562 0.548596
2.88129 11.268
7.58927 0.459262
1.57528 6.40832
2.87365 11.2679
2.02646 6.72432
9.79961 12.1686
12.4585 4.15049
0.268613 0.0204138
12.0644 8.3261
12.0339 11.8808
9.9807 3.03882
8.34029 3.02211
7.13835 9.35015
3.83215 5.20343
5.01257 5.17139
2.08212 12.3363
5.10845 7.48634
2.61546 4.15846
8.36869 11.2797
4.49724 2.07645
4.13654 5.24694
7.15115 2.80793
2.35727 12.1141
4.70633 0.437436
4.44201 0.0303368
6.21524 9.41637
8.32809 2.27821
11.7955 6.24635
4.47977 2.86124
2.35657 7.4208
12.3242 6.0164
5.75156 5.02729
12.4876 6.33243
3.99541 12.4065
2.59476 7.44322
4.70249 4.24128
9.057 3.1547
2.51906 11.059
11.0089 2.77473
10.7199 11.3043
3.34337 5.51401
12.301 8.51453
2.4969 4.80234
6.01348 3.96369
4.16444 0.1791
0.44575 0.952215
2.57766 0.500807
8.26174 3.66023
9.32005 6.33903
12.1511 7.46444
11.1178 7.9382
3.03303 4.21115
9.69147 8.60062
11.003 8.42626
1.55519 0.563985
3.67355 11.0205
5.60246 6.5672
9.49215 8.78009
3.60268 6.88239
12.4371 10.9275
11.1291 5.8959
3.95752 0.201389
9.78323 2.46949
5.42981 5.11431
2.15694 11.5668
5.82568 7.27024
5.67223 4.81208
3.33409 0.093735
9.92739 11.1102
9.47378 7.24835
11.5543 7.08623
10.7741 3.71307
1.22829 0.545006
9.71755 3.09771
10.8197 3.93053
4.41657 3.31756
11.9996 8.29265
4.62889 6.90122
5.54284 3.92848
7.26382 2.916
0.604198 10.2275
8.37098 11.5697
12.3374 3.64553
10.115 9.13349
0.973827 0.490409
7.10978 8.38334
7.96653 0.88259
4.33505 0.461238
4.55433 2.48476
9.96474 8.90915
5.64731 5.76116
1.83277 6.20065
12.1561 3.88599
9.20721 10.1229
0.109855 0.457932
2.51739 4.07811
2.35233 6.77542
3.54118 5.55617
1.84406 6.25596
2.60287 7.4365
8.66452 12.4349
9.59399 11.5048
6.03607 2.20022
2.86495 3.88652
5.05364 0.0592597
11.6123 11.8638
6.96741 0.447909
11.7077 11.5155
1.63437 7.08515
3.71605 0.152926
4.48974 4.67684
12.0266 6.95747
8.788 6.42096
9.10645 11.9915
10.0454 10.5947
2.74531 4.2717
8.46349 12.4269
4.15291 4.36866
9.25418 9.40549
4.68503 2.59248
10.3729 8.97781
4.86877 3.66606
0.751458 9.94786
6.10955 2.51012
7.96561 1.08554
8.50997 12.123
8.67644 1.97271
6.8583 3.70168
11.6022 2.42072
0.734023 0.504373
5.27852 0.176553
12.2549 10.7491
12.1902 8.66243
8.68832 6.1033
6.80483 2.74101
11.1184 3.58644
9.68805 2.68143
0.67551 0.76739
7.60441 0.233285
6.30692 3.02808
0.155249 10.9798
4.88424 0.656159
1.02943 0.520675
11.8566 5.6914
9.46067 11.2018
2.61447 11.4606
9.46833 6.55279
3.39775 12.3028
8.23241 0.621249
11.7296 6.46581
0.45691 9.75915
5.68165 4.34889
1.71158 2.21647
4.42181 0.00678621
9.07099 10.4074
11.6971 6.80615
3.24617 11.0769
4.18117 2.64413
5.97244 2.28982
5.89388 7.03916
8.86289 6.28304
3.63195 12.1602
12.3097 4.20508
5.14141 0.783848
8.61702 6.9376
10.7276 10.1637
10.2029 10.6535
11.5186 4.03273
9.8442 2.60531
7.78095 3.73072
2.73561 4.91232
3.60826 11.8817
11.2735 7.40519
4.9909 5.10808
4.01597 3.61448
11.7275 7.00513
12.3547 8.33748
12.3363 7.06511
7.6597 3.07857
10.7255 2.90784
2.41628 12.4233
10.729 11.4544
6.6274 0.228467
9.84833 8.78678
12.042 3.51396
5.80739 2.21432
0.399993 1.2401
5.38244 0.0438991
4.83186 2.63283
8.33587 0.321284
12.1684 6.73976
3.74155 3.52645
5.65033 0.053941
9.93695 8.56483
3.68513 3.86985
9.0342 2.61961
4.09575 5.52714
9.51124 10.0347
2.52316 6.65068
5.50929 0.060679
12.1045 11.996
5.27638 2.56652
4.08996 0.821798
4.4907 0.446947
5.57766 0.469964
7.7412 3.37149
3.79471 6.45791
5.71617 0.786144
2.85112 5.50968
12.178 10.9232
7.06141 2.43516
2.54214 10.946
11.2285 8.32653
12.307 6.3968
0.238618 0.440742
0.850989 0.897348
4.83485 3.77291
1.89127 7.18278
2.2378 5.49744
5.18655 2.60488
9.85931 2.5545
9.76923 9.34251
7.21758 8.59487
12.4408 7.80766
2.51522 11.1095
11.4116 3.96898
6.73471 0.464497
4.64353 0.782863
12.1551 3.89805
2.42692 5.43642
11.6589 4.92195
9.22196 11.0387
2.50912 0.165453
2.55266 5.36021
12.3499 7.71963
6.66436 0.117142
9.62729 9.93206
4.46057 0.0189035
10.9813 8.93773
4.26115 6.38061
7.23172 3.02208
5.98605 8.97372
2.63772 12.3522
2.60919 3.73558
5.8771 7.05126
12.072 8.11657
12.3676 4.30894
5.17887 7.44687
12.2002 8.71925
2.65304 4.58598
3.71512 5.2066
11.9296 3.79587
2.40715 0.400628
4.50303 6.65586
4.52119 5.5452
4.99755 0.189619
11.2221 3.364
12.3332 7.55021
4.95586 4.71262
0.187288 9.92193
1.52205 6.53604
11.736 6.23439
10.7418 9.97479
11.6576 3.86297
9.11457 3.69618
0.0917349 10.3118
12.3942 6.63023
11.7273 10.5881
8.11251 3.1761
9.74036 2.82176
4.85903 2.26643
11.7324 11.1483
6.30948 2.88243
5.88412 0.498748
12.2137 12.2322
2.4385 10.947
11.5987 5.68989
2.92607 4.17476
5.97295 4.96012
1.45925 10.5634
11.9762 6.2073
9.77026 8.86728
6.13447 2.35384
9.41075 9.46954
8.29314 6.47845
2.02177 0.120539
11.2442 4.28623
12.2488 8.17559
6.58627 9.32747
0.154028 1.13071
9.51893 9.42385
7.8567 0.19821
11.3346 4.12289
11.0897 4.07068
1.7426 11.6428
4.03969 6.02256
3.72925 3.52554
7.09649 3.07067
12.1032 8.51004
4.01357 4.18
3.4028 6.37017
8.88271 11.3657
4.34388 0.859333
9.39206 5.78723
3.9546 6.67217
0.794119 10.8471
4.19201 11.5796
5.64288 5.2216
11.4128 10.7055
0.158155 1.03415
4.21629 0.614978
9.50631 3.25735
10.0294 10.5933
9.85067 3.8289
7.39125 3.13259
7.63534 3.29075
9.42617 6.75932
5.33826 2.70728
8.14719 0.718692
11.0482 10.8925
9.0623 6.2045
2.62392 0.164855
11.3861 11.0546
3.23549 5.91973
5.73906 7.60239
11.3117 5.78756
6.18608 2.15265
7.75217 0.873607
11.7875 5.88898
4.37996 2.83295
9.05024 10.7689
9.42792 6.27226
5.01564 1.93986
6.0388 7.81114
6.16812 8.63667
0.595562 10.6285
5.77842 8.60005
3.84677 5.82305
2.24347 10.3429
5.7871 8.74351
7.74927 2.24849
0.0813924 10.478
11.8965 3.98992
5.8608 11.6307
8.40306 2.2769
10.3229 8.7103
4.00788 0.589041
3.22783 5.90874
5.6388 3.36415
12.3551 6.67714
8.84596 6.13117
2.57633 11.4872
10.1377 9.06104
8.11357 11.3719
3.73495 6.72902
0.363512 10.4262
11.3252 3.7855
3.4535 7.97286
4.87959 2.66698
11.863 6.40193
12.0545 6.03173
5.3303 0.545655
6.12917 3.20136
6.32089 8.56637
0.239221 0.262414
9.61749 11.9121
3.26636 11.2819
11.3885 11.7486
11.7567 5.91962
0.433436 1.33784
1.85776 5.97972
6.17211 3.36555
4.99543 6.96884
2.9463 3.82415
5.71288 5.41752
4.57346 1.92834
6.66309 3.7148
4.26463 6.25974
11.7882 7.93173
6.12994 8.76737
2.5268 6.93142
5.44048 1.80839
4.84874 3.62428
11.4101 8.30297
3.87708 11.1166
9.95921 8.93853
3.43185 0.108062
5.53743 4.70182
2.4922 5.38387
11.2834 10.9677
6.67018 8.84018
11.7929 11.3852
9.19611 9.35388
1.05508 10.8328
3.26539 4.93062
3.08359 4.88075
6.96487 8.48072
10.7762 10.5952
8.46173 6.51727
4.87727 2.53438
6.04171 0.0713521
11.2553 2.96859
3.02157 5.96498
7.01921 2.54872
11.8329 8.61059
1.73708 11.3663
10.2832 9.68613
2.33262 6.28578
7.55536 0.170157
9.1405 11.7726
4.56027 3.10316
12.066 4.87536
2.62897 4.87711
6.59887 4.22154
1.66652 0.831161
1.06852 10.4906
0.382361 0.436014
0.562086 0.327877
5.48452 6.16067
6.06395 9.3918
1.8368 7.0626
5.74736 8.48724
7.92864 2.48422
12.4465 4.49225
10.644 3.3059
0.193503 10.4732
9.24811 10.9026
6.39201 0.143886
10.0386 2.39615
9.8339 11.9766
0.716882 10.7521
6.68282 8.54679
12.1824 6.17096
8.62457 6.44818
2.84778 5.20802
8.59462 12.3782
2.72876 6.50116
5.49857 7.13488
6.97065 3.33651
9.74761 10.7579
10.7478 10.4364
9.78573 8.66362
0.0914666 0.0612764
10.6209 8.40397
6.88784 8.87366
5.46868 7.4543
2.44475 0.43117
12.1921 6.31655
0.467674 10.4404
5.48437 6.40731
9.75927 12.1891
8.31891 11.6593
11.7958 7.5709
5.81926 7.80735
10.1059 8.895
10.3066 8.20015
6.31521 4.40208
12.112 10.2686
3.90161 6.66818
4.06632 2.77381
10.44 11.0374
8.85483 6.9112
4.35553 2.33537
6.06577 8.63818
4.46486 2.06033
2.04011 11.7674
9.4597 10.9368
9.60421 9.11315
9.66271 8.79189
1.93784 6.67055
10.4522 3.26976
9.14823 10.1624
9.89792 3.67199
4.30345 3.07173
1.92303 11.2517
8.24427 0.704147
0.521842 0.0656924
5.94875 8.27148
4.91273 1.03489
12.478 3.52824
12.2557 5.50925
0.192762 10.4246
3.3844 4.05869
6.00437 9.48856
3.24416 12.4768
10.9009 2.92094
11.8953 11.9988
0.704554 10.2439
12.2105 5.18846
11.8077 5.81035
8.53822 11.8114
8.80895 12.0423
5.1886 6.24497
3.06027 6.75945
12.29 5.33865
9.16631 2.64897
11.2835 5.62094
10.3804 3.1058
11.4559 8.4756
12.4235 3.10544
3.91465 4.09908
5.40787 6.84412
3.41253 5.8
7.96112 0.968828
5.58051 7.00794
9.84806 11.3289
2.22262 5.66961
6.16797 5.39828
6.88369 9.13845
4.47523 5.72379
2.88299 12.2571
9.69304 8.55101
6.55411 0.445747
11.7895 11.9103
2.90295 11.2179
1.76059 6.46584
0.744154 10.2307
12.1303 8.50069
1.77972 6.77399
4.98917 0.647133
12.3654 6.51456
4.77717 7.11457
8.98953 2.717
7.3521 3.11379
9.00817 3.18409
11.8261 4.52927
6.87782 0.0187088
6.36323 0.0231152
1.44139 6.18751
11.6406 5.25952
2.65273 12.353
10.7134 8.76617
1.32755 1.19427
5.98068 1.63628
5.94634 4.77224
8.98999 6.09857
10.6828 3.36719
5.76029 8.37779
5.67225 6.03316
12.4813 5.38321
8.99788 12.026
9.00062 11.5192
4.06112 0.730303
5.00266 5.08862
8.99315 10.7089
10.1323 9.43755
5.26894 3.14641
2.54988 12.403
2.63536 4.9086
10.9614 10.59
2.59931 11.1964
3.51919 4.26523
5.41198 4.08318
9.60873 3.01705
1.51103 6.13044
6.17024 5.25446
11.663 5.40041
2.53812 7.11235
9.39654 11.8328
7.16144 2.82915
2.03522 6.79912
7.82288 0.783038
11.1994 8.59754
8.5622 5.92047
5.58645 7.475
10.6087 3.69038
7.85798 2.27011
8.4714 6.6365
0.56874 10.2393
8.78099 3.04248
10.7169 2.61171
2.01322 11.4116
3.79122 11.3769
10.5513 3.12833
6.46762 3.15957
8.47738 6.46826
10.4288 8.95397
3.15376 11.3985
6.84383 3.62701
1.70802 0.788684
8.22993 0.0634437
1.38925 6.54146
3.57492 12.1751
5.88142 5.54144
7.93639 2.76404
8.84286 3.41796
6.12242 8.2926
8.84889 12.3185
11.7572 6.17809
6.12427 0.229353
1.99948 6.32681
9.22199 2.19149
2.36389 6.40423
8.01643 0.1597
6.74141 9.13748
5.64152 6.1318
4.62655 4.48451
6.66956 3.59786
5.96902 8.74384
3.49498 11.4785
8.60012 6.66305
11.8748 11.2493
5.1603 7.75018
2.80461 5.39527
9.5526 3.16867
9.44708 6.24986
10.7332 2.95903
3.79801 11.9596
12.4204 11.2101
9.05056 6.31793
6.12099 2.2195
11.9161 4.72993
8.80516 6.86394
0.163888 0.571625
2.83626 11.372
3.05889 6.4323
9.00783 11.6024
7.59211 2.28712
11.4426 3.76848
11.0225 3.76476
5.46655 0.0100277
3.78643 3.70896
8.17484 11.9104
3.22477 11.5412
3.69082 0.624339
8.53957 11.4454
7.90457 0.973475
10.0813 2.39254
3.39263 5.26883
7.52614 0.383212
6.32678 8.27067
5.94285 3.28291
1.70325 6.10736
5.18505 0.202754
7.53107 3.38838
4.63418 6.78101
7.84777 0.00508276
12.3019 6.05068
9.17323 10.7896
4.34707 1.17166
10.2693 9.56497
11.5086 6.59861
12.4153 7.46419
8.38449 3.37091
7.99219 12.2498
12.0554 8.18956
9.38102 9.1687
11.0005 7.79862
7.00102 8.46214
1.68785 0.487756
3.71197 0.400263
3.40869 11.7313
9.35892 6.70099
0.603006 10.1682
3.76639 5.40561
11.0488 4.63937
9.62431 12.1429
4.62946 1.95839
3.05263 11.3561
3.65488 3.98596
0.0908978 0.896288
2.15171 0.38048
1.74959 5.61358
9.78392 11.7381
8.34884 6.85079
12.1173 7.74645
10.6187 8.83728
2.63295 10.7676
8.78358 10.8674
9.96767 9.93817
0.30511 0.356527
12.4506 5.81118
3.29015 11.404
2.57899 5.14283
3.90653 4.66865
9.99065 3.17887
0.187774 10.9142
11.598 7.63799
3.74413 10.7875
5.81821 7.90425
5.90745 3.68626
7.58061 3.30091
1.60435 6.69504
7.87106 2.89875
4.88723 0.424811
8.33863 3.03013
10.726 2.74297
4.75162 1.13391
2.66745 10.9531
0.459508 0.811228
2.46838 4.15587
7.1832 9.04311
2.5037 4.1129
6.17497 3.12468
7.95112 11.8681
4.99408 5.42899
4.52955 2.02335
7.97933 3.31231
5.7874 0.0510016
5.75441 3.5483
1.3431 1.31531
0.101859 7.85351
9.10244 10.8389
2.76755 10.6801
2.92116 11.5418
11.9398 11.3165
12.4578 6.94397
9.44174 10.6519
10.7567 7.69
6.77524 8.56774
11.5013 7.30529
9.0168 11.3907
9.77162 10.3889
0.529705 0.352096
5.08391 0.274727
7.85542 0.878469
8.51294 7.01236
7.80109 3.38046
2.8295 10.9614
1.97318 6.86293
3.36139 4.38874
8.23554 0.946946
0.905299 10.4806
12.2125 3.82092
1.37035 0.187985
10.9857 11.7951
0.914433 0.690545
2.37321 0.456838
10.5412 8.63142
8.41024 0.502173
4.66538 1.17207
10.0968 9.82471
5.96444 4.90288
8.85845 6.32595
7.19771 2.46222
3.61586 4.5269
8.57285 11.988
0.673804 10.7579
2.27582 4.38977
6.5854 0.225691
11.9119 7.14701
9.30904 2.29355
7.29813 3.25659
11.6923 3.56695
10.1123 2.52106
4.38896 3.58048
11.3611 7.15951
12.2608 5.90188
11.3995 5.36466
11.6893 8.0293
7.27231 9.30758
2.43573 11.6079
5.30914 1.33304
12.3801 7.38978
4.76723 5.26585
2.58148 12.1947
12.4284 8.27724
12.2938 3.39535
8.14572 2.45606
4.67623 4.84286
11.8721 7.98489
5.93241 4.52508
11.7443 6.048
6.2682 4.29723
8.53967 12.2913
2.02542 6.54438
9.14831 11.0653
10.5802 3.37812
10.0677 8.49581
10.1173 8.59295
7.94371 3.61968
11.2093 6.84407
4.48316 4.33519
10.9492 3.38909
5.557 5.96249
10.505 3.30379
10.2713 11.2475
0.0958144 11.0127
6.99403 3.0742
5.79281 7.04572
11.9837 8.38984
5.88025 5.83874
11.1281 7.52204
3.68314 6.2854
2.52585 12.1079
4.72183 3.05346
0.395722 10.4316
6.91814 3.68532
0.933627 10.523
5.2488 7.69197
0.273831 0.486438
7.63752 0.736595
8.35565 11.5605
11.2888 8.47865
12.1504 7.58848
10.3874 8.55164
8.75633 2.53038
8.4671 0.361798
5.32212 0.202732
4.54495 0.779353
10.5048 9.70155
11.9545 7.54896
3.5223 6.71423
3.36296 11.8786
12.2601 4.36376
6.07609 0.212075
6.55515 8.42771
5.37389 1.12262
12.4554 6.29069
9.13604 6.83951
3.52892 4.92278
4.64573 3.36899
1.76952 11.4527
7.08223 8.93488
6.61431 8.9613
7.17611 0.0649838
2.68275 3.89025
3.22355 6.25539
6.094 9.2063
12.3444 11.0015
8.60997 6.38878
2.00148 6.78864
2.19262 4.29253
11.7668 8.15057
6.88255 3.36591
6.82319 0.304714
6.09257 4.28127
9.04782 11.4925
12.3143 8.36286
4.12686 12.0516
2.60128 11.582
11.2022 7.91683
9.58687 11.8616
5.09054 6.50813
10.6078 11.1773
2.61341 10.5624
6.43975 3.90114
9.47887 11.4557
0.955542 0.537616
9.04204 3.36838
2.72683 6.82323
10.8752 8.51463
7.54724 3.14297
5.5135 0.594743
8.396 12.2402
4.05821 11.6073
2.94586 10.6955
3.32605 4.68157
5.8262 7.46094
5.91809 8.26461
3.71953 6.63981
9.03109 2.92504
3.43058 11.3158
10.5202 8.76569
3.00261 11.8078
10.9721 8.46002
6.1335 2.91395
7.06566 9.14081
11.6526 7.91835
2.01444 6.77726
4.10625 0.000935906
3.33402 6.69308
0.0470425 11.0447
5.4201 4.13395
1.65417 6.48489
11.8973 4.45921
8.2578 0.429328
12.1576 4.56057
6.07272 4.10688
11.9826 7.60732
11.5284 7.00464
3.02735 10.7805
2.41939 12.2044
6.41558 0.11871
2.4546 5.68712
8.17896 0.107768
2.90617 11.6362
2.59093 5.03125
9.7893 3.09842
1.67885 6.17457
4.79714 0.237167
12.2394 4.44899
10.7025 7.82116
10.0213 9.1429
5.24779 2.42895
10.1559 8.91183
7.93101 3.21616
10.7207 4.2128
7.69016 12.1905
2.83079 6.84615
5.80065 3.6623
10.8482 3.06182
8.26011 0.320755
2.98701 4.76213
11.8238 7.68902
9.68254 2.42173
12.0228 10.6674
11.2746 8.99866
8.0097 0.111749
3.86345 3.47164
2.20215 6.50364
2.97705 3.79272
5.34004 1.10278
3.74855 0.519825
8.14477 2.175
3.74082 11.3817
5.03184 0.316521
2.58368 5.9672
7.12362 2.52261
0.692142 9.96939
8.85404 11.9219
3.29733 10.7108
1.86652 0.510107
12.0066 8.13856
8.55702 10.9884
2.01502 11.7591
5.97225 6.83208
1.62208 6.74459
1.8173 11.5603
2.78924 4.38882
7.28607 8.80651
10.9751 2.99805
2.63634 5.1963
5.30166 0.73655
6.34903 3.18964
3.13525 4.50668
5.859 1.97479
3.58649 0.449273
12.1682 4.01789
5.14331 0.431612
8.80196 6.08195
11.1652 3.27047
3.1789 11.1755
7.5437 9.10809
3.88853 6.79632
0.361425 0.696704
11.769 4.36155
8.35771 6.86711
11.1254 5.91364
7.20539 2.58778
2.53476 6.15786
8.87479 3.15885
11.5408 10.8764
2.50754 11.0033
4.71071 7.05582
3.48783 11.6217
5.77915 3.34776
4.53538 0.642723
1.64121 6.10041
5.45974 2.21789
2.8428 3.88509
5.66241 6.80301
4.95802 0.522439
6.28386 2.77579
12.2519 4.66801
12.1052 11.206
11.9053 4.07019
0.48749 1.16979
2.50583 10.9518
3.97771 2.94817
4.44943 2.15006
9.48873 2.87869
0.797126 3.96515
9.73354 9.81347
4.67599 0.764673
5.35367 3.97445
8.90377 2.06662
11.7253 3.3078
8.75086 2.69089
11.9145 11.3076
4.41053 1.73349
9.17793 12.4872
4.21395 0.276862
9.83118 10.1002
5.29348 6.47206
9.51225 6.43275
3.89798 12.265
5.10598 7.61042
8.19295 11.8082
3.01124 7.1927
11.8344 8.22769
1.08402 1.02118
3.42485 5.79595
10.7657 3.50509
1.07378 1.1194
1.82039 6.62142
9.31235 9.24536
0.387254 10.2379
10.0272 9.46419
3.89058 5.69431
11.4635 3.86635
7.2286 8.58054
6.11392 2.9369
6.60418 4.07261
10.5952 9.85609
7.01547 3.99207
1.97313 10.6993
9.26574 5.89435
6.93918 3.03126
10.1666 2.78634
9.04876 9.90162
12.4056 10.4931
8.16958 12.1887
2.97668 4.03839
5.82274 6.25318
9.60258 2.61098
2.61325 12.161
2.4056 4.74376
4.63955 12.4047
0.501108 10.8396
10.8789 4.10894
2.27835 0.18755
9.14041 11.9529
10.5385 10.8662
7.39513 9.29254
1.65351 10.8133
6.43496 2.50324
8.0555 0.391949
5.17498 3.98108
2.85189 11.2285
5.07083 1.3359
2.45746 6.11305
5.54498 0.510325
5.87318 4.25298
12.4858 10.6686
11.0801 6.67441
3.49493 4.06075
3.19779 6.84578
8.95137 11.9166
6.06855 11.8797
8.68619 11.6235
2.52758 11.9201
9.52711 10.8068
5.46497 0.0138013
8.46739 12.0942
6.10188 8.23921
12.0476 7.59118
9.91689 9.21981
7.83916 0.567444
4.2932 6.68698
9.96268 10.9031
3.13691 6.87054
5.04834 0.120855
1.8483 6.60286
5.01275 2.60693
1.67585 12.3049
4.80851 2.53908
12.3002 6.75674
6.60749 3.29997
11.9545 8.5704
12.1005 4.7895
6.77841 8.51302
2.38761 4.14889
8.71748 6.80343
1.76566 5.78914
5.06486 0.930541
2.39637 6.64887
8.44243 0.244435
3.22422 0.134659
10.3836 11.1491
5.83358 0.331014
11.7245 8.78857
9.27991 6.88514
9.65935 3.61217
11.8361 3.19758
7.62686 0.600321
2.99487 4.12242
2.19921 12.468
5.17839 0.263661
5.49477 6.87001
8.32649 6.53358
3.05141 4.94932
3.95374 11.3391
3.06568 4.74408
11.6654 10.9363
10.7492 3.2098
8.78216 1.94393
2.48614 10.8401
7.36793 2.77467
12.1964 5.30816
11.664 4.87273
9.12495 3.127
11.2914 8.45897
2.53237 10.4693
6.12056 0.0557253
2.08536 6.30302
5.90756 7.75633
2.75556 4.3571
3.3868 3.77786
4.51566 0.0426027
11.0494 7.05239
9.40511 11.6076
1.16249 0.342486
8.62821 12.4358
8.30632 11.8209
9.25028 9.83939
5.06207 2.37494
5.64667 8.40395
6.86244 9.19352
11.647 8.55741
3.52354 5.54926
11.3498 8.21343
0.552232 10.3623
3.71582 6.37888
5.40234 2.23874
5.14767 0.0932088
5.39256 3.88063
7.10187 9.28208
8.30898 12.0021
10.6191 12.3787
2.4545 4.74302
0.0337394 10.508
5.79671 2.60335
9.82844 8.28726
2.65222 11.2343
1.73884 11.7445
8.51581 5.81884
1.84173 0.826698
9.72752 11.7969
10.0347 10.1912
4.91493 0.400954
11.6741 3.73068
7.57593 0.452125
10.044 11.0638
0.869621 0.0702332
11.6151 11.2697
7.08407 2.47639
10.6837 10.3953
7.97124 0.0411575
10.5594 8.2824
12.2167 5.69267
7.97841 3.45929
6.28088 4.30189
5.9682 3.62468
5.14382 0.585364
3.71611 11.7549
11.2328 3.0628
9.53235 11.1873
5.85178 5.54002
9.63078 10.7264
12.2613 11.2844
2.74215 3.85357
2.17015 6.17045
6.66938 2.32317
4.19066 4.624
4.19688 11.6883
4.37544 6.05277
12.1928 6.89798
7.73383 12.2738
4.4174 5.17278
5.07805 2.62766
5.43568 2.64021
5.60732 8.63272
10.0711 2.71922
10.352 8.33327
6.41074 7.88123
12.2933 3.11872
11.5401 5.44956
0.32056 0.316458
12.0817 2.98348
2.9035 4.00578
10.3824 2.46138
0.129044 0.574668
9.17057 6.14147
8.39304 6.09706
9.63422 10.5366
8.0694 2.95214
9.08073 10.4341
10.6426 8.60542
7.11558 0.556605
6.35216 2.68621
3.30047 4.28093
5.69545 6.66512
3.8132 11.0454
1.88549 6.82562
11.5197 8.9065
6.43743 0.183187
11.9699 8.10755
2.20883 10.3581
7.82874 3.46326
6.77475 8.45793
2.6644 5.31358
5.99698 2.82493
0.252701 10.1557
5.7076 8.08087
0.675969 0.316128
2.82281 6.72553
5.05361 0.480457
5.92826 0.182798
7.08265 3.57735
4.28878 12.0692
10.9709 11.7957
10.8773 11.0973
12.0334 5.70123
5.98441 2.7282
8.71434 2.00215
5.35346 7.51742
2.58263 7.43269
1.16187 9.99421
8.21021 0.707859
7.95216 0.241263
9.45453 8.97377
4.42459 3.05815
11.7366 3.75565
3.90691 6.24642
8.29395 2.6476
2.47427 10.8546
10.621 7.85051
12.2359 8.26798
1.47237 0.800652
1.53962 0.449877
0.769815 10.323
8.5576 6.58034
5.53389 8.46637
6.91876 0.39562
10.1911 11.9918
0.547139 0.676671
10.3865 10.4869
8.78789 6.57427
1.92405 11.0526
2.67221 3.62776
6.27077 8.31187
4.05939 12.3918
3.9486 0.313072
3.48448 11.4664
0.946625 0.486773
7.4557 0.0419873
10.2109 2.71222
8.39876 11.4166
8.89316 11.4106
12.1583 4.75715
0.589338 10.4283
5.79806 8.82378
5.40901 0.992344
7.34623 0.160339
9.53106 2.51034
10.0143 8.3786
2.03193 0.240752
8.21781 11.6706
0.216171 10.5918
5.4273 8.13514
1.9808 5.84466
2.06145 6.13799
12.376 8.68569
5.2173 4.37139
3.51017 4.68166
11.5928 8.00127
2.91175 11.5972
0.106264 0.798837
4.0577 0.667967
10.8377 8.4092
6.05081 4.09951
5.30787 4.51615
8.43431 0.00788502
4.34443 0.702199
7.48616 8.50482
10.6542 9.14988
9.94498 9.32312
11.463 6.76351
8.38149 0.112441
3.32961 10.8164
11.7248 8.44239
1.54428 1.37907
3.4443 11.1483
11.7063 8.82429
12.2479 6.28856
10.9183 11.065
8.33358 3.15447
9.00423 9.67311
11.2621 5.32827
8.17319 0.532714
2.50432 11.9678
2.69519 12.3801
6.43056 2.54606
9.96114 9.36632
2.87939 0.255447
2.9992 6.25436
10.0284 9.40053
6.03144 2.60049
3.93676 3.60219
5.95322 4.01825
6.35197 8.00781
9.69406 10.7761
5.32503 3.0826
2.56198 3.57086
4.40859 1.27706
3.32182 11.3348
1.50029 6.54768
9.44295 2.42486
8.90748 6.77159
6.28283 8.99699
7.91242 3.61689
2.89988 10.8765
11.4851 11.6656
4.65177 3.72006
4.68399 5.95376
6.1877 9.35143
10.0992 9.32179
9.70182 12.2056
2.59049 4.92021
4.61192 6.32036
1.68751 7.14492
3.4179 4.03225
8.17556 12.1474
2.71195 11.0504
7.09151 9.07209
6.40654 0.114074
0.281901 10.5015
9.59509 11.5008
6.03621 6.07943
3.07959 11.8618
2.72164 3.76172
5.90358 2.82078
12.4022 7.59884
3.41606 12.094
3.33267 11.6652
11.919 8.12053
5.118 1.65673
3.02188 4.38957
8.98964 3.18197
3.85707 11.8905
8.58738 12.1336
8.4178 11.5189
2.19385 0.178719
12.3309 6.22898
2.22964 0.881734
2.62812 6.63248
9.06852 10.2867
4.98376 1.35363
1.31068 10.6642
4.68871 7.05075
5.00034 0.48647
7.68424 0.514912
3.29398 6.04084
6.7629 2.36262
8.69092 6.37382
10.0145 10.3656
1.16795 0.544272
4.22906 4.86248
11.8112 8.93291
10.0726 2.91652
4.87449 0.700945
1.09581 10.3878
8.16504 11.9283
2.91207 5.44746
5.45909 0.501606
1.6415 6.84633
2.17506 5.77761
2.30876 6.64657
4.78068 6.67285
9.90069 11.0697
0.240548 10.0484
9.25781 6.55346
10.0761 9.96399
6.26376 0.490594
4.71815 3.25165
5.28864 6.54636
7.52636 2.56195
5.26004 0.775613
11.925 7.19896
6.56567 3.89085
5.82628 7.13608
2.63651 6.93716
6.8751 8.59485
7.4506 9.82652
10.9644 8.90081
0.978241 10.547
9.28441 9.36003
12.4779 11.107
12.2709 8.7289
11.7798 3.85095
6.30187 2.57963
5.03475 1.26939
4.15594 3.51383
12.469 4.85138
10.1278 8.85525
10.5054 2.32876
4.99665 4.67219
7.44031 2.62178
11.8622 8.02502
12.0718 11.9406
3.21543 5.38197
10.7079 12.4837
10.9468 10.742
11.8801 6.8163
2.34332 7.11966
1.01118 0.385625
6.17665 8.36041
6.59862 8.62489
9.99634 10.0752
11.7473 7.50638
11.1204 5.88712
10.4771 8.49114
7.82688 12.4468
4.48663 2.24345
5.32831 2.29321
5.38093 6.22416
5.47828 5.40107
6.50636 4.02144
0.422449 11.015
4.91956 1.84539
3.88166 6.25787
0.074567 0.448623
9.64156 11.8629
7.19847 0.612547
10.556 11.2738
3.76557 3.05901
4.69636 0.736222
2.57837 12.4457
5.17381 4.29554
9.68471 2.53486
10.307 11.7072
3.22154 11.3976
11.6638 11.5012
12.4567 7.9974
4.78065 6.18761
2.27012 11.3614
3.52588 11.5458
6.34372 0.0441388
11.5253 4.83203
11.9408 7.43928
7.02912 0.645259
11.636 5.14059
9.25288 5.93999
3.57316 11.8138
4.26413 0.548094
2.45038 10.4633
11.6833 3.22172
8.46986 6.31464
11.9885 8.67062
5.11872 0.0869899
4.42384 2.34217
4.90514 1.52922
5.90566 2.25902
10.2007 3.35396
5.22786 7.90493
8.42311 3.66705
11.0576 5.22254
8.89825 11.4785
5.2732 0.952961
11.2614 6.64941
3.38678 4.45777
6.03655 3.82415
6.85705 2.82429
3.25032 4.59639
9.41866 9.37483
4.5969 1.75486
8.26825 12.1575
7.60759 3.7191
10.1374 3.81493
9.7754 9.22696
2.39122 6.29731
10.1808 8.542
4.83857 1.99458
2.0579 5.9185
1.51952 1.17188
1.67696 5.26004
9.94436 8.99369
2.25456 4.26497
9.1352 6.30939
4.62881 4.42201
2.10752 1.10236
10.2369 9.42347
2.72891 3.52944
1.93578 11.3162
11.7478 4.00957
7.39909 8.68593
1.93828 6.84368
7.8631 0.200177
10.688 10.795
4.36336 0.371134
5.87964 5.58362
7.68263 0.946725
2.40232 2.06106
8.13236 12.2516
0.899527 1.27348
11.087 7.79726
8.03561 2.38723
11.9202 11.2049
9.27441 6.09429
5.37586 8.17493
7.41893 0.663007
8.99538 6.12562
10.4628 3.40773
10.2268 10.8601
7.18259 0.030735
2.26516 11.1787
11.8854 5.72124
8.58309 12.148
2.60282 3.43037
6.64398 9.21391
0.34576 10.9716
6.35659 8.19337
2.06105 11.0414
10.4774 8.62322
3.06889 6.59561
0.778492 10.1217
11.5137 7.71022
6.1029 7.7179
9.19559 5.85121
10.729 4.42253
9.93216 10.6525
7.03741 0.0891545
10.7318 11.7774
3.84159 3.7996
12.1124 5.95671
2.10396 11.4878
4.46658 0.141071
8.37501 6.23523
10.7299 8.71975
6.21564 5.24153
10.9642 4.16073
1.35724 0.298848
9.301 9.43981
10.0561 2.31707
11.1123 11.1032
2.03702 6.67061
11.4368 4.99198
5.02785 0.61122
0.3667 0.813688
8.69192 11.9556
1.99074 11.3921
4.51392 5.53472
7.92177 12.284
11.8526 3.53955
4.56769 3.60495
4.59664 3.08029
1.9938 12.0993
3.13669 6.20357
9.47331 10.7175
5.36237 4.13032
8.29266 11.8576
9.7001 3.30397
12.4713 10.8128
4.63336 0.0611336
4.49644 0.283286
12.4211 4.68828
4.13548 9.15357
4.70819 5.1372
12.2518 8.1511
9.71248 9.69842
5.57582 2.77778
11.1813 2.66539
7.2512 0.251559
10.8568 12.3717
6.78766 8.65859
0.580725 0.678074
11.3035 7.58588
2.52805 11.5916
3.7049 3.7644
4.91843 2.60777
1.70002 10.8449
2.63892 6.08336
10.063 12.3345
3.9286 2.47953
5.69618 0.773124
11.2326 6.53709
5.71456 6.63653
11.4328 3.24822
8.91944 12.1279
3.5585 10.8793
3.90261 5.37103
11.0942 3.92597
7.12674 3.29782
5.7156 6.79367
9.23863 2.9812
10.0802 11.9006
3.46796 11.4947
4.44165 0.924396
5.086 1.95259
2.01442 6.27817
7.29145 3.01953
2.32929 12.101
10.2118 2.55326
9.2801 11.5847
5.90461 0.781717
12.3779 4.76983
4.28632 0.714712
11.2666 2.84331
7.09964 0.576993
5.76087 8.33183
6.01211 6.16877
11.2248 9.0717
10.7736 3.41278
11.8276 4.80401
11.7333 10.6005
8.94108 5.63495
10.5919 10.115
1.97047 0.500181
6.10883 4.09954
9.44917 2.82436
1.28155 1.24527
6.58384 8.75093
3.26085 4.46655
7.80184 2.32981
2.56672 10.5071
4.77411 0.731737
6.99982 2.74836
4.31637 4.42205
11.8273 5.97991
1.40317 6.35014
12.126 5.37523
6.20864 8.4109
0.00724502 10.7906
12.172 3.63523
2.37937 5.86808
4.18586 0.922953
7.06887 0.00241275
5.36423 8.05224
1.96379 11.2434
12.4381 8.95117
6.2828 2.99227
10.3433 9.43503
2.05969 6.20951
7.63544 2.38814
10.9244 4.22089
11.7335 5.34227
3.19282 6.18588
5.38862 7.98533
6.45356 8.23048
9.63947 8.42661
9.43531 5.9694
5.05965 0.258886
2.45988 12.1541
8.88618 3.60111
2.30786 4.05351
3.00795 11.2675
6.04924 3.42254
8.91318 6.32419
12.1428 4.86298
6.21062 9.37596
5.99063 2.44998
2.99171 12.4995
4.09664 6.04875
1.6842 6.04884
4.79128 0.467372
9.19709 9.24295
12.4761 2.91385
4.34615 5.29704
5.02779 0.316283
2.59386 11.8565
7.08036 8.74607
10.3703 2.81106
10.8391 2.44525
10.7328 11.2326
10.2829 12.308
12.1207 11.7848
0.997645 10.6702
9.21554 6.51353
11.8998 5.52075
9.27415 3.00261
11.7996 11.1522
5.17851 2.08915
9.23968 11.606
7.98752 2.56315
9.56922 10.584
8.84924 12.1908
10.755 11.4904
9.19163 11.5303
5.82996 2.45415
8.32614 6.08184
4.78763 2.28523
3.34818 12.0977
2.40047 11.2377
8.02031 12.2744
0.0399469 10.6224
10.6451 2.85918
7.2562 3.304
12.0873 8.95226
3.63696 3.7422
5.53942 2.89495
11.6948 5.72099
9.17272 2.9923
7.7624 3.06017
0.693132 10.8711
2.70923 10.8922
12.1142 3.39053
1.74611 6.52028
6.22578 8.34362
12.2201 4.90306
11.1588 10.9531
11.6575 5.71688
10.5164 2.85586
2.71728 3.44177
9.61521 2.58526
4.14834 6.19658
8.61247 3.29412
5.13261 5.50926
6.77301 8.38887
3.77136 4.65895
2.30691 5.53681
4.52563 3.20166
10.0036 8.61099
10.5356 2.75489
9.89425 3.50696
0.389773 0.580715
8.94682 11.2989
8.03312 12.1559
11.6685 3.70487
3.44994 11.1342
11.0221 9.0411
12.128 2.44745
6.0143 0.371327
8.13986 12.3275
3.30773 12.0322
9.40478 2.98313
1.05127 0.503548
2.53401 5.91682
8.3419 5.75226
4.14566 11.7554
11.349 4.37214
5.73637 8.38331
8.78767 3.68997
9.97353 8.30243
2.70147 5.1963
11.6893 11.0194
0.533987 9.97222
0.269422 0.296531
4.65569 0.3853
0.890677 10.3323
1.92897 6.26891
6.02256 4.54759
6.66506 0.298907
1.94921 5.88247
3.30059 3.96152
11.2535 3.58045
8.00704 12.2479
8.68155 12.4897
0.606204 0.478575
7.22056 8.89751
4.1162 3.00414
4.11594 0.0382508
2.14424 11.9324
8.44213 5.73765
6.42997 8.39137
9.93043 8.94537
9.63076 2.61176
4.50864 0.546677
0.713906 0.609491
6.12917 8.65396
10.1864 9.07077
8.65022 2.15432
12.2992 5.07226
10.5717 2.38837
11.5936 4.84552
2.19501 5.56263
9.7007 10.1063
11.2855 3.33141
10.2235 3.69953
4.07199 0.373038
10.5277 11.82
7.85201 2.9827
9.26716 10.8195
3.54417 0.15073
10.5766 4.07796
8.1982 2.8747
9.99002 11.9616
2.34509 10.5108
9.82852 8.74661
11.1432 3.65774
2.22304 4.23291
12.4562 5.14482
7.82791 0.557226
11.6167 4.48107
2.76498 6.90397
8.42987 1.9465
9.42279 6.29621
10.6403 2.68178
1.02119 0.827237
6.26622 9.47505
1.46464 1.09208
10.7859 3.29822
10.4175 3.10896
12.1427 10.8569
4.85126 0.732299
7.26296 3.35224
6.5803 8.69413
8.63883 12.1339
11.0548 9.24787
7.89128 2.79158
2.70366 4.8035
1.44599 3.01722
12.1832 11.4192
10.758 2.51669
11.1821 10.704
2.26399 11.6171
5.78415 2.44355
4.61924 1.69988
2.85761 6.17799
11.1466 4.62666
10.7166 3.85189
0.0466812 9.55926
5.66878 2.22716
9.15054 12.178
5.22204 5.95156
3.53783 5.06472
2.23305 5.31297
10.391 11.8613
9.67253 8.43787
11.3547 8.26045
3.78804 12.0841
12.0832 11.0984
1.83799 11.6039
0.681321 10.7248
0.411013 0.235927
1.99881 1.01305
11.6457 3.07772
4.76272 2.44448
3.97783 6.0069
9.64151 2.87919
9.14681 5.91396
6.48078 8.64205
0.541275 0.669318
3.31658 4.34517
10.6838 9.64807
8.00706 2.61577
5.28705 5.48492
1.06043 0.776928
11.5619 5.5604
7.19628 3.30087
2.84176 6.6244
10.0201 9.58047
11.6108 6.17664
11.456 8.78811
7.98666 0.449603
11.151 5.37354
7.36482 0.62039
8.6656 1.97259
5.20003 7.1515
3.5281 11.9087
11.6599 8.98562
6.97979 3.26819
5.42749 3.42418
8.13344 11.9321
8.72203 6.26395
7.37518 9.33564
8.68618 11.0013
1.51343 6.7108
8.88265 12.256
11.1191 3.10846
2.83747 0.0204665
4.57594 3.36006
6.20124 5.06884
5.56891 2.36923
9.68454 9.83141
9.36437 8.96309
6.57465 3.3778
5.2721 0.855853
7.43076 0.853123
9.3617 8.79378
10.2989 3.1533
12.1321 5.95645
10.486 12.3274
4.81488 0.727852
4.13798 4.73172
0.983565 0.922092
0.852918 1.2693
11.3351 8.30398
7.50137 0.453416
10.684 8.72769
12.1603 4.60845
1.81428 6.77762
9.16768 5.73611
5.65346 0.0841972
0.234502 9.82029
11.8381 6.45682
5.39364 4.33507
10.9418 2.96086
5.30543 4.33704
9.31966 10.2534
3.5058 3.96637
10.98 11.3789
9.30366 1.99813
11.9578 6.59206
2.12299 11.3757
12.4067 8.72791
10.6098 11.5214
6.77167 9.41696
9.74357 3.66022
11.8951 10.5614
5.43098 0.0537897
5.83097 2.11084
11.083 10.8904
1.7491 6.12772
4.52449 2.25497
1.43179 0.233084
8.33124 6.12932
10.9105 8.79401
11.8644 11.0914
9.52033 6.17957
5.05248 7.27569
3.0117 5.33982
12.4032 5.51664
9.16804 6.84838
11.018 12.1373
12.1247 8.29604
12.4584 4.21069
11.884 3.30987
1.61441 9.79348
5.64732 0.957664
5.80863 0.680518
1.73866 6.4946
3.75395 11.9999
7.0763 2.73942
6.10016 0.320141
9.90073 10.5241
3.90766 4.35623
5.73042 4.11955
6.75226 0.215153
6.1114 2.54814
5.63004 8.82837
6.59239 8.38719
8.39233 6.26675
9.38793 2.8808
11.8307 6.19918
3.2526 12.0377
11.1607 6.8099
8.77497 10.7449
6.62462 3.28404
9.94366 10.1428
8.7987 7.00399
0.604211 0.578788
2.91859 3.78524
3.78046 0.127919
2.55694 6.88565
12.4636 11.3132
4.40015 5.86946
5.18437 0.1029
7.79279 0.123018
7.78363 3.20546
8.3291 3.27669
4.6043 0.540318
9.44881 6.45787
11.832 6.62806
3.4201 3.89967
7.06154 0.248478
9.17958 5.74708
5.38409 0.177159
11.5536 3.21353
9.30947 2.16768
5.47278 2.182
1.72504 6.72324
9.01926 10.512
3.59411 6.55621
1.93478 6.08568
12.3051 8.81494
11.6658 11.3371
3.02525 4.21511
6.09358 9.15927
4.96386 6.83775
8.45926 12.1885
9.35169 6.56557
0.973104 10.7708
8.71706 2.85111
1.80689 0.817854
9.65123 11.0329
9.33351 9.50708
5.6032 0.89935
3.7915 10.3711
3.78046 11.5557
12.2306 4.62105
9.42026 2.19052
11.7757 7.77797
4.6893 0.867562
2.06851 7.11173
6.23938 3.17015
2.90416 3.78065
7.83467 2.3201
2.89882 3.6965
7.76048 12.0995
12.2702 8.426
11.7481 8.47808
3.57336 11.7036
9.11681 2.84601
8.38505 11.46
12.3845 11.1031
4.49754 0.033172
6.67928 0.582486
6.21879 9.61309
6.97548 8.87683
6.32225 2.29082
8.85085 5.62296
6.41297 8.54556
8.31356 3.03324
1.67328 11.35
5.4167 2.23934
0.67932 10.6127
6.97182 8.92063
9.42506 8.48978
9.35837 2.82943
3.06171 3.56351
0.982889 10.5618
8.52685 3.14282
8.95532 5.66508
11.977 5.00128
4.16545 0.790447
5.1565 1.90691
9.06124 2.75324
9.48662 2.87244
3.46846 0.170229
2.30876 4.38974
11.6518 5.64085
0.496026 11.0199
3.67772 3.98791
1.11809 0.403124
3.2651 10.9652
5.75339 8.2298
6.30913 4.58877
3.91092 5.08795
2.34914 11.3089
9.73743 12.4637
7.41791 3.90288
1.16744 10.4589
10.1115 11.6952
10.3792 3.10565
0.545108 0.472929
11.6325 8.3613
6.91564 8.71692
5.85438 0.0712222
2.54633 10.4963
0.75043 0.841119
2.38583 11.0258
7.0306 3.30452
2.90809 6.60113
6.34988 0.572821
11.375 6.63762
1.21697 10.3734
10.1214 8.91655
11.3882 4.03868
3.12364 10.6905
11.9839 5.05564
2.31782 6.70025
10.9414 8.18015
7.4001 8.99133
5.32216 7.07982
5.49345 4.25334
9.0708 6.60849
11.3744 12.0046
2.77694 10.6333
5.23938 1.50433
9.43921 2.42299
0.365405 10.8886
3.67297 11.5095
3.37054 11.5619
9.33435 10.4329
5.7809 7.29509
5.55183 7.20958
10.2833 10.4158
5.13667 4.37743
7.32639 0.0398647
12.0235 6.76446
0.506172 10.2074
3.68609 3.98209
7.56635 0.701581
11.7351 7.80286
4.69817 6.64176
5.64223 3.04161
5.12718 2.75859
4.43498 5.36561
1.50722 6.39348
6.79171 3.42381
12.2428 10.6605
9.86737 10.561
0.486402 10.9144
7.67202 0.358367
3.85346 3.12821
12.2152 2.83798
12.4316 11.9724
2.91524 12.4116
3.24032 6.58753
4.91138 2.95233
2.44763 5.118
8.545 6.53902
11.2558 4.30693
12.0206 3.25707
0.882095 0.59956
2.08398 6.35479
12.4111 11.2005
1.80214 6.22942
1.66597 6.56028
8.61576 6.92204
3.83342 11.2779
11.5449 2.99129
2.63642 10.7861
8.69435 11.4206
4.16553 3.07751
4.14 5.35246
11.5126 11.6566
4.2862 3.03398
11.9931 4.95102
7.84261 3.79322
9.08776 3.013
6.50342 2.6795
8.75556 6.00753
5.60401 7.62131
10.9596 7.61876
6.40061 8.22491
7.60172 0.107619
2.75081 6.49136
8.20392 3.29968
9.73708 10.1525
7.39643 0.1669
8.49756 6.22987
7.53299 3.51539
11.146 3.1251
7.05851 0.361786
2.5593 10.989
7.37748 0.456856
4.84511 2.76385
0.292659 10.0218
10.8677 8.44954
9.87446 12.4774
1.70502 1.33358
3.4138 3.79402
8.2653 5.78838
9.48605 2.47473
10.1393 8.31296
11.3816 6.91306
12.1788 2.69905
4.73658 0.00306159
2.5255 6.82161
5.98087 6.97561
5.56222 3.73007
5.16223 3.30747
7.28789 0.401988
8.43492 12.025
3.72215 6.25566
3.87098 5.81273
11.3164 3.1408
2.06003 6.08876
11.6477 6.77267
3.3935 5.54403
12.3149 6.11215
7.8452 3.03292
5.99659 0.539942
2.04273 11.6997
6.08931 2.71616
6.8833 0.363087
10.1807 11.8412
9.65576 8.60817
11.4667 7.25976
5.05373 1.0845
9.75022 8.47145
9.40561 9.11672
8.91597 5.73481
7.86839 3.09756
5.60824 7.02045
12.0776 7.09463
7.12857 2.77547
0.522305 0.395072
10.421 8.32977
4.4806 5.67097
0.336775 10.2746
12.1467 8.02674
2.07847 12.4945
9.27965 6.668
1.68884 6.07728
1.78451 5.62094
11.4054 3.67976
10.0229 10.1913
11.4997 3.31212
7.90923 3.755
6.77671 0.0662519
4.53191 2.26541
9.39534 12.2883
9.2357 9.63924
10.0569 10.2093
3.89662 11.7016
5.81814 7.73962
4.33379 4.3198
5.62597 7.17614
10.972 8.94822
0.125455 2.27826
1.0396 10.3376
10.7125 8.778
10.0216 10.7169
9.94971 2.88137
9.14397 2.97147
10.7652 8.37161
9.42631 6.05426
6.08824 3.26785
4.60328 0.650626
5.37347 7.41377
10.4395 3.04501
5.14103 0.256721
9.65212 10.3076
2.02887 6.73747
5.37198 1.0565
2.76408 10.8895
1.14403 0.109623
9.16203 6.97668
12.1974 3.43436
8.14697 3.09931
5.91347 3.45082
8.69849 3.66981
4.52069 0.317212
5.79827 2.55764
7.02077 9.28205
2.42145 6.46269
11.5434 7.68883
8.63183 7.01828
6.53935 9.64467
0.113089 11.0579
1.93119 0.815413
0.281458 10.7498
9.07032 6.81278
4.74407 2.6202
10.3441 9.55113
0.42025 10.2049
1.61071 6.80183
3.17085 5.9005
2.79181 4.19644
4.84214 3.57606
2.36241 7.16525
5.28929 4.50676
9.99825 11.0797
6.76422 8.6724
4.59902 0.751264
2.6672 10.4879
1.78097 7.21138
1.94417 6.25825
5.24841 3.5197
2.1892 0.773225
4.69318 0.482716
3.51348 11.1879
6.04876 2.60267
10.6999 3.06205
3.46998 6.63827
9.65134 9.45688
3.45237 10.9918
8.03122 6.28667
4.57932 0.731342
1.99309 7.32798
0.767816 0.969288
10.0784 12.011
7.5098 2.98096
10.9602 11.0131
10.2719 9.81998
9.92891 12.241
3.53418 11.5755
10.6162 9.47023
5.61715 6.81265
4.43187 6.55098
0.97232 0.0975221
1.07082 10.445
4.24425 12.1466
2.51476 11.2384
5.68378 2.64235
11.8236 8.27316
5.21858 0.666023
10.1056 2.57094
12.0729 10.5469
6.01552 9.43343
2.37474 2.89989
2.27946 6.2284
8.78721 6.92884
6.38355 8.03679
2.65328 4.6165
5.60462 0.38057
8.16323 2.67762
6.36477 8.62932
10.3181 8.45485
4.04844 2.9244
10.7734 11.9031
3.17206 5.85233
6.01041 0.261256
4.60831 4.47037
10.9338 3.66204
4.11432 11.895
5.34315 7.23038
10.7453 7.84431
10.1672 10.07
11.6021 8.26058
6.03577 2.85881
0.48784 0.271868
9.67078 3.01151
7.48605 3.22688
3.23128 3.67519
8.62576 2.67256
5.28337 0.029242
5.68367 8.17383
10.6239 8.817
11.167 5.96776
7.56159 8.92095
11.7841 11.198
3.88169 5.91985
5.75446 0.792397
4.97881 2.72315
6.16423 0.410491
9.50804 10.6631
11.5222 8.00011
11.754 6.34209
4.6557 2.89296
9.31719 2.94673
1.42299 0.473036
1.13334 0.204816
11.3433 3.57831
5.54389 2.31468
11.0272 3.79882
6.17839 4.12383
8.8571 12.1824
8.84166 5.67201
9.13904 9.45084
10.8376 8.14856
11.5358 3.66888
5.4394 0.0469714
4.62345 5.56037
11.4874 6.34797
9.2824 6.24288
11.0635 5.60213
8.89806 11.4842
0.109554 10.7678
3.41122 11.9642
4.78856 2.81109
8.66222 2.93956
2.4257 10.3337
8.60525 5.83637
1.06463 0.153788
3.50781 4.66791
11.7675 6.86753
1.77111 10.7872
11.3602 11.575
11.5292 3.11804
9.68863 12.2203
1.7746 6.97416
6.5799 8.83355
2.7699 11.1659
10.753 10.7317
8.65234 6.06358
9.77603 2.6444
0.596694 0.47377
10.8756 2.59208
3.15863 5.23864
2.56248 11.6319
11.827 3.43012
7.74362 3.50306
9.85663 10.591
0.791902 10.1649
6.38689 9.44749
2.15249 11.2707
3.45179 12.0666
2.01601 11.9638
11.3222 10.6558
7.22081 0.438511
11.2194 3.71942
1.86643 0.492191
5.81046 0.572844
0.222457 10.7917
6.5696 9.53664
0.243091 0.289375
2.54557 0.162842
0.289151 0.363084
0.37009 0.127695
1.95119 11.7268
11.1772 3.1816
8.24288 6.43268
8.63795 10.9635
10.7254 12.2939
8.95042 12.3219
11.6067 8.1621
10.2333 3.90498
8.79042 6.85417
10.0297 9.67109
5.69508 6.386
12.4114 5.4834
10.1259 12.063
6.2118 9.62741
1.03995 0.754865
10.6377 2.95887
11.4756 6.71845
7.33805 2.85727
9.96982 10.8424
5.82449 0.00449601
9.81298 2.38687
6.09285 8.37208
6.07582 5.98572
0.0790398 1.27895
11.9274 7.84905
10.9816 3.44126
3.40221 3.68599
9.08362 11.7098
11.8966 11.5548
7.85057 2.61952
1.93853 1.31841
11.9021 3.64783
10.7927 7.96587
10.7539 8.20838
10.41 8.21839
5.25243 7.24174
11.2017 5.18806
5.80449 5.70459
4.77749 0.151831
1.69657 1.06804
6.48339 9.56213
8.17902 2.68011
5.99541 8.02151
11.2001 11.1191
2.51036 4.39753
11.7976 12.0393
2.00288 0.393519
1.71967 0.131127
0.374914 10.8354
2.19262 11.2084
5.79093 9.1722
9.4258 6.42481
3.84923 11.7988
10.5393 3.7616
3.54171 5.0003
12.3843 4.31869
5.7924 2.8809
10.031 11.834
9.98472 8.92415
2.59278 2.41568
6.03464 0.0872898
11.8071 8.94691
5.85857 0.7636
8.46093 6.61119
2.25668 6.66058
9.4836 12.4324
6.14243 5.71538
11.1437 8.55718
10.0077 10.9819
7.05661 8.95724
8.79355 6.23641
12.0836 4.22697
0.27785 10.7449
1.94083 11.872
2.43805 4.29818
7.71886 3.5288
8.24763 2.35206
8.02795 2.68292
9.00098 5.5897
3.8513 3.8204
10.5653 10.7108
11.5913 6.59815
10.1529 3.52985
11.636 5.48748
2.45573 12.2119
8.86163 3.43542
4.27931 3.32713
3.01776 11.2604
0.829225 10.3679
6.87209 0.327817
8.03365 0.992432
8.76478 3.44938
3.07279 11.6721
12.2479 2.94789
6.0918 4.39468
12.4211 3.4054
11.821 11.231
10.1334 3.35908
12.1266 6.66415
0.709301 10.4923
2.62896 7.28184
4.67782 5.34438
9.18809 2.30178
10.8877 9.22262
3.21548 11.9975
4.6714 6.12709
10.2623 10.8049
5.55676 7.22997
10.6183 4.15514
7.10951 2.87244
2.5257 0.168611
2.03854 11.8985
5.84558 9.27858
2.06068 5.21397
9.39125 6.42536
