10.2356 0.89932
0.354115 11.6559
0.735439 5.56681
2.8152 2.26832
7.09797 6.98031
0.89047 2.0123
3.62518 9.91
10.2282 4.74905
4.42683 9.5304
3.68745 7.87229
8.54974 7.63063
1.63675 1.54106
8.16138 4.38998
0.532017 4.64232
8.52348 4.09706
7.94003 4.18005
5.84481 9.72932
1.08776 11.1569
7.99713 5.19918
9.21749 8.33455
6.60423 7.52016
7.98446 7.08001
9.0926 4.00161
9.95326 7.78944
8.99824 3.96073
1.53167 8.5279
6.80271 4.6806
5.71007 10.6187
8.35113 9.47708
1.56598 7.92513
1.22864 11.1986
1.63336 4.04125
7.26093 11.7158
6.35879 5.06273
10.1519 7.37054
4.08649 1.70995
9.8561 7.48623
3.02856 2.15408
3.78862 1.53797
6.44733 1.23518
4.8015 7.75856
6.42119 6.83915
4.87028 8.47949
3.95707 1.79575
9.69811 5.58437
4.71601 12.0317
6.97918 10.5344
11.797 0.460891
7.27107 11.8177
4.15859 8.11954
0.430406 8.04573
6.54729 7.26466
8.39939 4.5943
8.24524 1.80633
0.923675 3.18722
7.54643 12.0302
4.05415 7.77263
7.53596 10.0835
9.24574 4.11912
4.52005 4.50446
4.58488 8.72977
7.40212 12.3989
0.587285 8.68883
3.90491 7.35704
9.45533 8.18362
6.5722 1.87031
8.96732 7.28438
3.40655 10.1761
0.521644 11.6573
11.2671 1.2491
1.90541 2.76684
9.72663 0.484602
5.85039 1.89815
8.03968 4.03785
9.82034 4.71427
11.5456 10.0379
10.3076 4.81012
0.15873 4.74822
8.01449 4.829
11.5059 11.6008
3.51639 0.787464
10.1217 5.05657
10.4954 4.68021
8.72997 4.42507
1.10547 5.72458
3.78514 8.7267
6.68905 5.15763
9.78428 1.79564
7.94584 4.33364
1.28224 11.6657
5.54282 10.0604
11.3496 10.3427
8.20851 4.43892
1.23094 11.7132
1.2148 6.583
6.6701 6.75204
3.01586 9.82951
1.47349 3.57349
4.46884 8.48365
3.15868 0.715506
7.59248 7.87022
7.85554 1.60927
6.16045 1.24198
1.30419 12.2683
2.73306 8.19558
6.87754 7.41453
1.78248 1.56454
3.5847 9.33657
1.8028 3.33578
0.525565 4.064
11.916 9.52019
10.1451 5.05091
7.5412 5.95151
1.24574 1.4513
10.4671 1.48675
2.05692 9.77362
3.34797 1.47163
1.24525 11.3623
3.23889 8.19128
6.10505 10.1182
6.75001 1.78551
6.98282 10.7135
3.4647 1.07652
5.05813 11.418
10.7722 1.02899
2.24808 7.70838
9.68745 0.896542
9.46123 7.69982
10.3578 0.94787
7.65881 10.9774
9.60855 4.8712
2.32577 7.79737
11.6863 9.55
0.596901 6.42887
0.912673 11.6462
0.889713 6.07376
3.27205 1.10064
7.36544 4.26461
7.90184 8.96088
8.5101 4.57124
8.14503 7.21792
9.99492 7.70256
8.32436 8.27055
8.20598 5.54472
10.9846 9.58679
6.99091 2.14996
0.447143 3.58037
0.15816 12.0544
3.31341 10.292
1.12753 4.42786
9.61005 6.8373
0.166231 8.55201
4.40431 7.90026
0.690277 2.36599
3.76301 1.85691
6.52407 1.25176
7.91147 11.1384
0.154179 8.94113
10.0822 0.985349
11.663 0.807514
2.82303 3.0366
5.46831 10.2903
10.7677 7.08538
6.05247 10.7993
7.73391 11.5729
9.77972 1.23181
4.01269 7.87584
7.44021 11.6479
1.21304 4.21872
9.26255 1.17547
5.41548 10.5107
0.875505 6.57579
10.4075 4.98859
10.0096 6.49233
0.357068 7.31835
8.65477 8.35088
6.58712 6.72822
3.92058 10.2792
1.25079 6.34435
9.27047 1.3138
5.07676 8.24994
5.2691 12.4173
7.34451 5.33504
7.59118 7.84344
1.41684 11.4463
7.88408 4.43093
8.01541 9.37048
8.0635 10.8963
3.36824 1.88448
7.60263 8.22925
0.471024 2.87903
4.84061 10.4702
6.64528 11.1162
6.8501 7.03332
0.968651 9.27417
3.28998 10.1034
9.01802 7.54078
7.45257 1.4447
6.43719 6.78357
6.69511 1.66418
11.9082 2.25741
7.33652 1.17199
7.08856 11.82
6.29975 6.68129
6.85813 5.1268
8.25398 8.96394
1.67436 8.22246
1.06276 9.16423
8.76701 7.63056
11.3117 0.503152
2.6455 7.72105
7.3156 7.02096
1.26254 4.477
11.3103 2.06066
1.4101 3.42995
7.07342 8.03153
4.18576 8.13015
9.11282 7.7318
1.56927 8.12644
7.11659 1.05827
4.36221 11.4807
4.79693 8.70479
3.30269 2.41054
7.14046 10.2215
9.78053 0.878149
11.8389 1.93485
4.98791 10.7245
3.6206 8.81217
10.8754 0.394629
11.3561 9.57542
2.32746 8.30489
1.76211 9.70235
8.70656 1.29853
9.30235 0.0329497
10.59 1.54946
2.25277 2.40275
7.705 11.4681
1.29261 3.27566
6.14915 9.83066
8.26685 9.81168
7.69875 4.82474
5.04818 11.4595
2.61173 1.90202
0.292317 7.34422
3.33827 0.99891
8.0718 4.7636
10.4293 7.2831
0.455663 4.08531
1.35443 5.82026
7.21443 10.5842
11.2968 9.52679
8.52072 1.41276
12.1527 9.14715
4.41606 8.69217
1.5551 12.4287
3.05083 7.55854
7.25015 10.5658
8.69896 9.59716
6.86183 1.88262
0.269621 11.735
1.51311 7.42633
10.2001 7.25655
6.73536 9.85345
10.304 7.57408
9.98534 5.98237
0.842793 2.89623
8.94899 0.487381
2.31522 7.97419
7.89201 4.0704
10.578 0.0937804
5.77455 11.7334
9.68195 1.19043
12.1989 9.89745
1.14137 2.07074
5.18109 12.2786
1.26447 9.54801
6.73151 10.0569
8.6962 5.28752
7.2261 1.9798
4.36288 9.45946
0.627402 2.14098
6.5301 4.55788
8.0233 7.37667
8.52644 10.6182
1.01995 11.2958
9.57006 6.97366
0.441538 9.43746
1.06196 11.6585
3.03598 1.09382
1.50017 12.1985
1.73951 9.64259
6.83607 10.3171
6.45779 5.24264
6.88919 10.2803
4.18195 10.3825
1.36638 12.2442
7.18656 4.66109
7.2145 11.454
0.0748937 8.30833
1.11878 12.2318
0.411523 12.1611
8.73713 1.72533
10.1178 7.20275
3.71137 10.1898
5.03678 9.46781
7.19777 8.0684
7.86928 4.77576
9.84271 0.441837
4.32624 8.32148
7.82275 9.9646
7.37688 12.4311
11.4275 9.38767
0.784975 11.9426
0.505465 2.94251
10.0529 7.25905
5.99081 9.97714
7.27327 4.05154
9.66071 7.63561
3.53003 1.78544
11.5499 0.874163
1.22948 5.52409
7.43761 1.97119
10.0933 7.26775
10.4683 0.864317
0.116996 6.98665
5.875 12.3885
7.64053 10.5107
4.20877 8.25415
7.60714 7.56616
3.10351 1.61246
8.78838 5.16971
3.09718 0.927849
7.44224 7.43458
2.41123 8.06982
4.08034 8.18201
1.23421 7.68504
0.614004 4.83687
0.533145 5.5478
0.566617 2.73644
10.7553 0.408167
1.10491 3.53752
0.140842 11.2644
7.34792 9.80011
11.1743 1.69823
1.87143 2.92128
9.68222 4.68281
9.51798 0.808916
6.66141 1.74205
0.819198 5.85247
11.8739 0.918588
11.1819 9.47663
4.7325 7.43624
6.9246 11.6171
0.245264 6.72668
0.166482 1.65902
11.5054 9.41595
7.45428 7.95078
6.50829 5.47218
11.2564 0.305788
9.79312 6.71169
0.474006 1.80409
9.32395 1.05097
8.89348 7.36815
1.56379 7.28086
9.84656 1.6628
11.2939 9.93793
7.16392 2.02605
9.74071 7.81312
6.23851 1.76059
4.19905 7.03398
5.72628 11.8109
4.00306 10.4862
0.591668 5.65087
5.85496 10.1009
4.52797 10.0578
7.89774 6.8174
9.88047 0.233683
0.762196 9.55886
10.9762 0.546613
6.85715 7.06181
7.07661 1.46914
2.9893 2.00797
8.65881 4.04244
1.05056 3.06173
9.14492 8.32106
0.907941 11.3982
8.74905 5.42225
0.794384 5.47286
1.4712 9.20555
0.842615 4.18284
8.42891 9.25908
11.1181 0.775112
8.31566 1.33752
9.71513 0.00969495
8.84339 4.80857
3.02382 7.5016
7.25497 5.52328
6.29483 1.41927
1.15527 6.79883
0.146921 2.62305
7.33399 1.54978
5.04042 10.6282
6.99127 1.65221
7.35645 11.2452
4.29538 9.14648
9.29752 3.98969
10.9322 5.75616
8.36381 5.05996
1.12609 2.83642
2.31728 8.03065
0.890046 5.9803
6.86667 4.53121
3.03642 10.0557
3.64628 9.08472
2.63986 1.51769
6.63867 6.71237
4.94307 9.18827
4.1013 9.67302
0.459326 4.42181
10.4008 4.90745
0.190742 6.29889
11.7895 0.826789
2.7155 1.42608
8.86981 1.75538
0.967031 8.77078
2.41843 3.38132
1.07076 11.4469
11.8903 1.85613
1.52892 11.6043
2.88587 2.76579
9.13505 4.10492
0.80379 7.12957
0.436012 5.24032
7.1381 5.48556
2.36665 8.08406
7.62697 5.22958
3.44019 0.759258
7.65776 5.17081
0.774147 2.30887
6.88699 7.66613
6.9939 5.48735
2.41607 2.209
6.41177 4.84326
0.693243 11.9301
4.03726 1.32127
1.74117 9.21281
4.71891 10.4593
8.62603 3.98207
1.75496 9.18103
6.19815 9.66014
4.54161 8.98345
8.01001 11.0807
6.70891 1.07813
7.64432 5.76573
9.85223 4.6864
1.08643 9.68439
6.18463 10.0747
0.709891 2.69358
2.71579 9.12993
9.73655 7.65787
7.17871 1.65626
6.41924 6.931
4.67769 10.0008
7.89131 8.04811
0.938947 5.52206
9.16009 1.25669
1.73182 9.25449
9.00948 4.98583
10.1718 4.4765
9.33912 0.853322
10.811 1.79455
11.1703 0.740408
6.17659 10.1331
11.5465 9.25756
1.41537 7.15316
0.18469 3.54125
4.60819 12.1561
8.60566 0.100035
0.349832 12.0777
3.84856 9.67191
9.52227 0.201142
6.68866 5.73198
3.8257 7.22052
2.3085 8.253
0.0634595 7.99982
3.5545 10.0774
5.29833 10.5937
4.25639 9.00258
4.67895 8.63954
10.79 0.79832
9.8272 7.07
10.7966 0.615384
9.56138 4.69027
7.36797 11.5575
10.104 5.35312
12.051 0.805784
6.39566 7.22558
3.42861 7.23014
10.896 9.79602
4.24974 7.81111
10.2768 0.531093
2.06633 9.53833
5.03879 11.4742
2.11966 8.45961
7.97157 5.64917
4.54224 8.5391
4.47224 8.55534
7.95453 9.61166
10.7135 7.42955
3.50996 1.38995
1.11602 11.1748
1.60206 8.21297
0.712329 5.90932
6.75199 6.95017
9.64291 4.32562
1.07078 3.50601
4.31334 7.698
8.90995 0.751944
4.01422 8.84382
1.36779 2.19569
7.85906 9.63795
3.51633 0.708374
11.9442 0.472275
5.45423 12.1484
1.63816 2.30787
3.65379 7.34822
0.864424 11.878
3.5956 2.48667
0.534634 11.534
0.234245 4.7689
6.08131 10.3128
2.11673 3.75062
12.0735 1.9231
8.20581 7.19741
0.209934 2.69193
11.454 10.2481
1.06325 2.30329
2.69447 10.2075
1.40701 9.70017
8.30388 10.498
4.88356 8.62901
10.3088 6.87866
2.33982 1.05783
1.09652 11.5045
7.53219 1.7449
0.604018 11.4321
4.57277 9.22262
0.0482843 3.9625
1.93583 3.27854
1.8175 10.2258
0.609 6.67028
11.242 0.742785
6.14611 10.449
6.57567 7.39734
7.96051 8.40571
11.0732 9.63467
8.33959 11.6059
0.321686 1.79881
7.69366 9.93595
6.81161 6.58035
6.5169 2.01219
1.65564 8.31814
3.31762 7.91016
0.184381 7.95044
9.81588 0.705132
3.65921 1.46404
9.66209 0.340469
7.07476 5.04468
6.1108 10.9085
10.8534 0.187274
9.88508 5.10888
7.84651 4.48701
12.1957 9.6707
9.30677 8.44004
3.20144 1.07919
4.52292 12.0401
2.92795 2.64128
10.6676 0.167964
3.85975 8.69378
4.68522 9.60341
4.50394 8.89736
9.20783 0.16415
3.4973 2.16448
8.07357 4.7401
4.84044 10.8248
3.09136 9.13886
6.86519 4.28251
1.68864 8.29333
4.82743 7.61998
12.3833 2.02765
6.88893 4.65884
0.45314 7.8155
8.71478 4.56837
11.1163 1.20767
3.04357 0.921479
8.0565 7.42196
10.9718 9.71985
3.27814 9.14626
2.89466 2.97464
5.21406 11.6894
2.1461 9.36109
1.13118 2.03027
7.80497 8.38068
9.41348 7.16923
5.29816 9.91926
9.20498 0.0534923
9.00878 1.21727
0.967168 11.9852
0.425562 8.44703
6.35118 7.28654
7.2436 1.66683
3.91846 9.08373
8.99613 1.87282
2.79049 1.15025
8.91624 0.831104
7.47045 4.76835
1.64523 11.131
6.69713 1.88903
3.27664 7.58829
4.93163 7.90035
8.99923 4.82613
11.3693 1.05805
6.56089 7.12049
11.9581 9.27295
8.67931 1.65376
0.191329 4.66219
9.76038 1.57505
0.620739 5.40704
2.96035 10.216
8.49115 9.4934
1.23996 3.32926
9.48876 7.76391
10.4135 1.53591
0.638501 1.88156
4.65594 8.68388
11.0788 10.1127
4.06368 7.30688
3.41998 1.332
9.05162 4.49839
2.83402 2.80925
9.40931 1.59507
10.2631 5.06592
2.41441 2.79303
3.31163 1.83501
6.63434 7.43235
6.7339 4.75169
10.9304 9.77507
11.9532 1.63615
0.295281 11.3869
0.609927 4.86764
7.61954 8.03213
7.72836 9.18087
2.50511 2.28759
9.36189 0.560817
5.12243 10.6581
0.317669 11.9357
4.92069 9.3175
8.63423 4.88597
6.65826 1.53898
3.76446 1.83435
0.518463 8.50297
0.382724 11.7612
7.36159 6.50031
7.95997 5.03898
11.3712 9.24636
7.14807 4.6314
2.05155 8.39057
0.0952471 4.10278
9.47095 1.03727
9.58345 0.553676
1.14794 11.2776
1.49585 7.17369
2.6479 8.3486
6.25146 6.79041
7.86094 8.61742
5.52814 10.0729
1.06312 11.1347
6.18515 6.8409
2.25428 2.59182
0.705067 6.12661
7.6753 5.07981
7.29069 10.8536
1.22198 4.1493
1.30585 7.96388
0.00749535 12.3119
7.14415 1.28288
5.63348 11.8934
2.46355 7.89258
0.0851798 6.22989
10.211 5.34126
4.5132 10.6748
4.82223 8.0122
0.629509 12.0496
2.21043 9.96679
8.40586 8.89554
4.625 11.866
0.656027 4.37666
8.19342 7.60143
5.69984 10.2483
7.05341 5.07401
10.1726 5.98644
11.7132 1.73461
1.29105 2.07589
5.31477 10.0934
11.8326 10.3744
7.59603 7.43257
2.34443 1.94941
7.45024 6.65287
2.5625 9.38701
5.36889 9.0423
0.227475 9.33011
1.78227 8.93789
9.11554 4.5267
8.34641 7.49827
10.225 0.398751
8.26958 1.61822
8.74876 3.90463
4.11554 11.0328
6.46577 12.2094
0.126023 12.1223
3.69679 7.56198
8.05299 4.46027
2.99843 2.17128
3.36361 10.1267
3.26504 2.86059
9.5994 4.39571
7.93363 1.94264
6.82004 1.97387
3.78247 2.2445
10.5942 5.61874
6.89546 7.66569
9.00444 4.77744
10.3073 6.45879
4.73517 8.26559
9.46462 0.386883
3.90488 1.36681
0.894906 1.50805
7.04845 11.3219
1.40921 9.77265
11.0706 0.37589
4.20657 7.63793
4.26074 10.19
7.52962 6.38608
0.136069 3.92143
8.91118 4.83272
1.36461 8.54768
6.78494 6.71519
11.5604 9.90459
2.27894 9.05873
1.52262 11.7746
11.7106 9.72192
7.93896 10.4662
10.8891 0.541101
9.24311 4.84537
0.599768 6.76494
4.01115 8.51177
2.60942 8.78226
4.57659 12.3344
3.77167 1.14372
1.02017 5.41781
2.28433 2.53714
0.591087 1.79037
12.1717 9.62313
0.74947 9.5479
9.17137 7.10626
2.9678 0.561807
5.01665 11.2442
0.328177 1.63602
5.1999 10.4481
3.86245 4.28832
0.373334 12.3591
9.23065 0.201838
8.5775 7.68186
8.83608 0.0554959
0.920847 11.2948
4.82667 9.80956
3.58393 2.71717
2.76239 9.55897
0.141304 9.4453
5.65274 10.6592
0.899537 11.5315
2.21596 2.71039
3.29932 10.2726
5.4955 10.28
9.24071 0.2121
1.88258 3.95107
8.61734 4.75129
3.37469 0.813794
6.1902 1.91705
4.49899 8.06842
11.8106 1.99325
4.90364 11.4743
11.6069 0.0262456
6.43106 7.57924
12.1009 9.48856
1.45436 1.98525
1.1087 11.9728
9.18643 7.94962
10.602 4.40045
3.96777 1.72069
6.84592 1.96027
7.64652 1.4878
0.597809 8.6948
6.6823 6.87139
8.26183 10.7359
7.13181 5.02439
3.43391 0.648555
8.35089 5.59093
4.14407 8.90074
0.0364983 1.72384
10.8676 5.50183
4.68703 10.0231
4.64773 8.96937
11.6835 9.89985
9.44462 0.48844
1.45653 1.64857
7.45294 5.17276
6.11994 1.57448
7.88259 11.3498
1.99812 8.88924
10.4962 1.6899
8.17531 4.68624
7.54625 7.55172
7.27521 5.08538
7.69433 7.04116
11.733 9.39398
8.9004 7.4385
2.99317 7.67031
7.45887 1.98961
0.969497 11.7058
6.82719 1.66816
0.521023 3.57529
6.23304 6.39428
8.61486 10.2636
10.9068 0.301817
1.21706 3.37699
9.16316 5.21173
5.59186 5.66485
4.65575 9.89164
0.987765 5.97871
4.50289 8.32464
10.2795 5.48711
3.42473 0.827919
6.01583 10.6155
7.75661 7.06003
7.517 7.59425
12.0821 10.3559
3.92434 8.71953
1.2187 8.05062
3.03133 0.705792
0.664804 6.21378
3.06187 1.44361
0.606441 8.87121
8.33563 10.323
1.44834 11.7631
3.89404 0.997617
8.21863 3.95001
10.9143 6.59895
10.8799 5.15334
9.82109 0.419534
3.49693 1.08321
3.97199 9.46666
3.29227 2.66373
3.43203 1.29178
3.53148 9.25088
11.1458 9.94571
0.543322 9.40901
0.426241 7.66234
9.90997 7.13133
3.54157 1.82036
1.95111 1.93985
2.57595 2.11118
2.02474 7.87862
6.3452 1.77708
1.14876 6.47155
0.405492 8.88835
11.5239 9.415
7.65284 11.4166
2.91494 7.7123
6.9799 11.2187
3.39237 1.61603
6.86491 4.53572
0.677463 7.59158
1.8635 8.46411
7.13918 1.46582
0.115715 9.02908
0.66228 1.76116
8.09227 10.6126
4.12027 8.06382
0.682962 12.2708
7.39643 5.52444
8.74994 10.2151
1.97055 0.817113
10.861 1.04105
9.73081 7.72991
2.76924 6.57555
7.43622 6.84673
7.60378 1.45738
3.80704 9.10786
8.94743 4.74154
5.88193 12.1916
0.274438 8.62326
11.979 2.09963
0.0346291 11.482
3.14628 8.20587
3.01762 2.46982
9.76878 7.77866
4.96142 9.59181
9.78878 5.64552
7.07284 1.52488
10.8285 6.0624
11.7219 0.478274
4.02522 1.63274
7.40407 5.0904
8.58941 8.08054
8.0697 7.01651
1.09629 6.38415
9.4897 1.78051
0.723009 3.40357
4.58792 10.809
0.448088 5.53031
3.73639 10.3175
9.66081 0.152233
9.28658 1.15318
8.16265 4.70808
6.57874 7.80262
8.97055 0.926295
7.517 10.4692
1.35862 9.63422
3.37765 1.20344
9.19095 0.496341
11.0211 0.152288
3.30679 9.7714
9.98703 7.5506
9.49142 1.43499
0.799826 5.37879
11.7467 9.61681
1.57652 11.6073
0.153592 9.34872
6.52442 6.66911
8.38597 10.3028
0.952602 3.09517
7.10687 7.77915
6.65479 10.9536
4.56323 8.70002
1.39511 7.65526
4.62565 7.67243
2.01664 9.43053
8.23813 10.3831
1.63167 2.60816
4.41714 8.38444
8.214 10.2227
6.81988 1.31442
7.20418 10.1479
6.98932 4.44485
0.837408 11.6744
9.23863 0.246699
0.448081 7.18664
9.37892 8.02765
1.64621 1.9652
0.191709 9.39523
10.6909 7.53442
9.9699 6.41722
12.3167 9.99687
0.738561 6.53454
9.79364 0.108957
0.320316 6.53129
3.05867 5.86915
2.43739 2.57302
10.9631 1.77024
10.9284 0.261727
2.79296 10.2191
10.9798 10.1224
9.12622 0.417788
10.6847 5.99279
11.4121 9.89902
3.19177 8.75047
2.08424 2.4283
6.30657 11.6317
11.0816 1.08298
5.8721 11.8596
10.1498 5.5978
1.87012 8.66815
2.87279 2.24
0.0426725 7.78507
4.98527 12.4175
12.0756 1.3103
1.76242 9.92024
10.8029 7.28189
4.59019 9.95426
9.80354 7.65334
2.04656 8.51091
4.58639 8.69583
7.73832 5.41656
6.62602 7.02309
1.85103 9.27789
4.23306 10.4054
7.46365 5.01596
0.865751 6.35123
0.693577 12.1133
8.03986 4.04682
8.05105 7.70456
7.90684 7.92677
8.28072 7.62265
6.80026 7.73837
10.2574 0.663938
9.8908 4.39724
9.48401 8.27591
1.86395 8.77677
7.26262 4.38615
0.0289558 11.9673
4.65349 8.08335
3.5155 7.49507
4.75805 8.27967
9.64364 3.9624
9.43735 7.56068
10.5433 5.41416
6.1826 1.35219
7.33229 4.48042
0.815692 4.49396
6.33384 5.92793
0.483525 3.15872
7.30165 5.01743
3.43422 1.5263
10.118 0.672303
9.60434 0.446613
8.46914 4.70111
3.11925 1.28359
1.96599 7.53479
8.21651 1.77253
6.66228 1.77446
0.306656 4.64878
12.3436 9.07693
11.3348 1.53244
9.70926 4.35692
11.3836 0.135048
0.186861 1.98219
4.47148 8.56868
3.6191 1.26662
2.19357 2.44759
4.81323 8.33294
12.2847 9.68315
1.26215 5.04132
4.17172 8.44235
0.0804244 5.0735
4.46278 8.31884
7.60521 5.00984
8.55327 4.40383
2.13038 1.16885
0.0461819 2.01678
7.75969 10.8859
3.90588 4.32119
1.62894 4.91056
0.109703 6.14778
4.41064 7.71883
4.90157 9.18333
7.39547 1.27885
10.5006 0.0686678
0.160007 2.03331
7.33091 12.0599
8.13847 4.96532
7.75381 4.37957
7.28263 1.6646
10.7609 0.197279
0.948056 7.46509
8.31886 9.51845
3.10905 7.76296
0.263048 7.33139
8.14829 5.17433
1.4157 11.5113
0.665478 8.26611
7.74476 11.1255
6.41198 2.0632
6.75947 1.67541
5.27906 10.6126
5.55353 11.491
0.741926 12.0791
1.29623 9.92406
11.4838 5.42887
0.999917 8.00146
1.5408 3.78622
10.0076 7.1499
3.36019 5.3386
5.37728 10.8783
12.2398 1.79415
0.688296 5.63945
7.26159 5.03601
7.66909 10.1743
1.85452 1.65968
9.53171 4.65318
1.27789 3.83465
0.742933 12.0554
7.57281 7.28946
2.19405 2.29725
7.10567 10.2929
2.07114 3.58349
10.0737 1.22496
9.10512 4.3363
2.03672 8.09105
1.03148 8.27873
0.0620629 7.19773
0.373978 2.35519
2.61783 8.25495
7.16428 10.3
0.852971 3.78437
5.68655 9.26122
6.60059 10.2798
3.79982 9.57036
5.9257 11.0702
7.44827 5.65713
7.62657 9.67833
6.58508 10.3038
0.756315 2.29814
4.68355 8.45239
4.76195 12.4538
0.0673421 4.8308
0.950978 7.05707
1.04556 12.3022
11.6787 0.886895
7.41995 10.3718
7.32551 1.09796
1.11672 7.60102
3.01777 1.38517
6.46008 1.56455
3.65606 1.6217
1.1912 9.06705
3.63054 7.9196
7.32291 7.92964
11.1481 0.752165
2.1047 7.68669
5.36406 10.7035
0.433228 4.95659
0.256982 9.31501
0.149993 8.557
4.5858 12.2645
5.919 11.7731
11.7504 2.16487
8.94221 9.01089
0.982221 4.32747
7.15535 11.054
8.96372 4.80942
0.332988 1.51268
1.60085 5.42348
1.73313 7.7002
6.43053 7.56516
8.05016 9.79505
9.12853 4.59168
6.13777 10.5069
4.95484 7.86067
7.01627 4.38272
0.815238 3.42201
4.77343 8.70432
9.79434 1.14259
1.45078 7.82386
9.49553 0.258716
1.62778 4.3739
8.08691 9.80829
6.18255 11.4172
4.26453 7.59057
1.32463 9.69092
2.17714 8.5136
3.44995 0.637476
7.30122 5.11443
3.89478 7.85392
11.2461 0.132323
2.41417 2.29196
7.14317 7.1478
12.0768 0.923984
5.09733 11.5872
3.36643 1.93955
9.08398 4.76748
0.301184 5.05653
4.41035 8.567
4.97885 7.85068
1.0755 4.91205
9.41852 4.64874
10.2769 1.16827
0.523989 7.40666
7.60016 6.7837
10.1909 0.406265
1.36297 11.4647
5.05406 8.83118
1.10041 3.69274
10.0102 5.26577
6.96702 12.1059
7.25335 2.07891
6.57561 1.84128
6.54461 7.39907
4.39153 7.89307
0.786069 11.7489
7.81062 6.85934
10.5974 5.97082
7.21622 4.26987
6.46756 12.4021
11.0568 0.426562
10.3113 6.63543
11.172 0.00802223
11.2789 0.475593
7.35602 10.9254
6.43321 7.24896
11.2338 0.894986
0.785779 11.7192
0.95567 2.2781
8.04049 1.28246
10.8046 4.81156
5.00927 9.57206
0.129606 3.30227
0.383501 4.50837
7.44326 5.39901
9.88268 6.80184
4.53274 9.80512
1.31185 8.99915
10.0098 7.45664
9.84016 7.92422
3.71863 8.38777
3.37079 8.67055
4.01912 1.70905
6.83713 11.8713
3.43499 7.64608
8.06733 4.82912
8.75714 4.83888
0.185184 11.7079
5.03317 9.35967
11.095 9.88352
9.5408 5.08527
7.11205 1.41102
1.76251 7.85163
3.20622 1.50042
2.94181 9.31117
9.48523 4.6771
7.59981 4.87773
7.50453 9.72547
7.48903 4.65753
2.59475 1.42915
8.13849 3.92869
6.93758 5.4067
1.45488 5.28907
0.346261 11.6378
7.32351 4.88525
7.36465 9.98998
8.88403 0.263492
12.0427 1.09287
8.27463 9.08909
8.26786 9.15767
4.06943 1.59521
9.01077 1.27239
7.72912 4.17811
1.46755 2.54667
8.71239 3.9418
1.62943 4.83
3.2237 9.0477
4.08851 2.30298
10.696 0.728655
6.86831 7.16849
9.23696 4.12654
3.75832 9.25689
8.76817 9.78333
0.774608 8.04191
4.39307 11.8626
6.23199 7.09016
2.41625 8.76845
3.5707 2.86283
10.1824 6.84835
7.21407 4.81362
8.70256 9.87475
0.999976 7.26497
10.8282 0.598742
1.71133 7.91091
3.30966 8.63215
9.98297 4.335
0.829424 8.77076
11.2532 0.581682
10.1338 5.40541
2.47851 1.81606
0.61375 5.18875
1.00934 11.579
5.91435 9.79351
1.61166 12.4062
6.1553 10.5241
9.88503 1.20172
9.93925 7.5502
0.0088954 3.72846
11.9211 1.92882
10.97 9.52414
8.78892 9.26918
4.70323 11.1337
3.46615 1.72379
1.1639 7.67422
4.13988 2.12952
10.4289 4.85173
10.8291 0.768106
1.154 7.94539
5.85106 12.3267
6.46297 9.93
6.35143 1.64435
0.93834 9.27094
7.44093 1.91077
0.808242 7.28094
9.96616 0.873451
9.03811 4.5034
1.53741 8.50739
7.09982 11.5201
7.41146 11.8699
10.3696 6.69604
3.228 2.66271
8.70653 4.60059
2.98632 1.30835
4.30484 10.569
10.229 7.39854
9.83188 0.640888
5.77628 11.0045
2.10978 2.55641
9.2145 7.99264
4.52508 10.5416
0.157325 7.49106
11.6131 9.33421
7.96079 7.32731
7.80164 4.38602
3.97728 1.58932
10.7852 0.11699
7.77672 4.31826
1.00663 2.76614
1.38164 11.3034
8.09466 10.8168
0.947554 7.72264
6.69158 5.00857
3.21239 1.23883
5.69403 9.57353
3.80163 9.45367
7.29629 10.1105
9.67008 5.23823
0.613042 5.68434
8.17932 5.11838
1.31475 8.30958
11.0457 1.3308
0.852213 11.8678
8.63501 10.2512
9.04111 5.26561
6.9732 8.00613
8.76892 10.2185
1.3738 11.6343
4.58339 7.67766
9.67918 7.27568
1.41655 3.5446
6.97754 7.90374
7.77186 4.89685
4.53626 10.2154
4.78261 9.25527
5.15708 11.63
8.43744 0.396623
1.53232 3.54915
3.27992 9.21179
1.22387 1.45543
12.2789 9.11141
0.978738 3.64394
10.0844 7.64424
10.4322 7.77646
8.79108 9.42372
9.6833 7.00811
10.6519 1.8071
8.86623 9.51544
1.34093 7.71634
0.799063 11.894
2.19209 2.84891
7.8458 8.83778
7.50711 9.96926
7.94053 8.96087
1.90776 3.45327
0.486968 1.98938
11.7797 10.012
0.00135743 11.2718
0.343177 11.9744
0.163732 6.65988
8.66026 8.8489
0.769594 2.84907
6.84429 7.46336
4.86626 8.53719
1.52655 5.42964
7.90041 5.83199
10.9996 10.1642
8.80286 9.04555
8.14829 4.58858
3.72377 10.5263
10.3229 1.62897
6.58631 6.61343
0.0798093 8.56842
8.27991 4.42575
3.80315 10.5342
7.39557 7.69427
1.24006 6.51908
0.970919 3.71996
9.08326 3.9278
7.38245 1.85343
3.90217 7.36129
6.67944 5.07062
10.2386 7.79143
6.95935 4.87762
11.7307 10.1937
10.878 1.17428
1.4938 7.96321
9.60379 1.60299
0.281821 1.82814
7.30224 0.242825
0.782651 6.28291
7.7357 6.67031
4.89964 9.20957
3.23117 1.84433
0.868607 7.27827
0.118531 1.60681
12.3676 2.36673
3.65253 2.69852
9.2119 3.97717
10.145 1.49582
1.00396 7.48386
1.17871 8.29606
7.99644 4.40074
6.35754 10.4207
4.13645 8.89592
11.3824 0.348719
0.938797 7.08829
6.25287 1.72177
2.34247 1.73321
4.58461 12.3377
0.0387455 9.34784
1.46446 2.78211
10.1781 6.87117
9.72911 4.51012
1.99033 4.2877
4.51848 7.39266
9.73903 6.88714
1.80858 8.88708
10.4408 5.81926
1.37614 5.51155
0.400899 3.34053
6.80059 12.1456
9.93051 5.01682
8.06736 4.37325
9.70099 0.702395
4.73806 7.61267
11.1777 10.2785
3.85153 7.03034
1.94093 2.86573
10.0039 5.08358
0.291163 7.93165
0.318188 12.264
1.58583 1.7501
2.87869 1.81086
2.4893 10.9873
2.31523 9.58525
2.63409 9.3703
0.527084 6.35541
3.5553 0.577582
1.67084 2.77887
11.8998 0.888639
3.67589 10.4351
0.753359 6.07661
6.29565 6.44946
8.93495 0.111341
5.89192 12.3139
0.517928 8.79491
5.44401 12.1889
3.6768 9.98167
10.0799 4.65424
8.14274 3.98956
3.58364 8.78903
1.72057 4.22161
3.84052 7.78532
9.66257 7.28777
0.396379 8.75187
9.33205 5.21068
6.81743 5.3728
0.210253 11.7498
4.08365 10.0613
7.31335 1.27459
0.476289 2.89823
6.71896 1.26197
10.8625 7.06396
11.0917 0.856868
4.90352 9.69292
2.61403 2.78837
8.95887 9.61059
0.736125 6.90036
0.447436 7.50403
1.09767 6.33317
6.82809 5.98938
10.4286 5.91379
9.68835 1.36644
11.8635 1.80601
1.27098 3.87782
6.28183 5.04249
1.11489 8.50243
11.7852 10.3331
6.85077 1.22385
10.6016 6.16033
0.304581 6.06152
12.1663 1.53534
4.67426 11.5733
4.38413 9.22868
11.0024 0.719378
3.48681 1.63597
6.86203 6.08655
2.09561 8.38135
1.75447 8.42085
7.22065 6.96616
11.7109 9.26089
3.15286 3.03177
2.04926 2.47832
9.70193 5.54109
6.53051 6.99938
9.08662 0.972673
7.30417 9.96433
3.88085 1.08223
7.04426 1.81967
10.431 5.89525
0.869172 7.76612
8.58006 4.88256
1.98254 7.73362
1.63569 8.11911
9.75408 0.109437
9.16382 3.87212
6.35613 6.89627
7.09905 4.50321
0.129966 4.31448
2.1273 8.32676
9.62431 0.704594
0.823359 6.68815
6.2271 9.87533
7.46062 7.36297
7.26144 1.30521
0.665355 12.4791
1.82736 8.38945
8.64116 10.2616
10.7338 7.39697
0.691469 11.247
0.384545 3.19631
0.709252 11.8027
7.00457 10.3775
3.96926 1.38577
6.80739 7.35336
11.2388 9.68725
5.1489 9.34357
7.14133 6.17387
4.21529 2.12767
6.21529 1.3816
10.26 5.68397
1.25546 3.00379
4.26979 10.3148
6.62464 11.3332
2.87696 8.52066
0.714896 11.8699
5.05957 10.2119
9.57507 7.53653
9.885 5.4975
6.63507 6.94216
2.04045 2.5193
4.17729 10.3646
1.32401 7.74965
10.926 0.216607
2.52432 9.13313
3.29647 0.656788
4.16418 7.08841
9.72389 7.57503
8.78689 8.06249
0.797254 6.38714
6.75127 11.2897
8.44042 4.78752
7.63246 7.31602
11.141 1.56729
8.03151 8.74363
4.34304 10.6806
7.09502 4.98789
2.26232 1.84944
11.5895 10.3658
2.02443 9.00684
4.16062 10.9388
7.49308 10.6749
1.38037 8.63471
8.51758 9.89837
1.97401 2.67195
7.82426 7.45599
1.94148 10.2063
1.17839 11.508
8.66422 4.63906
0.772709 6.13511
9.06529 0.498868
10.2444 5.34715
10.6043 0.603503
10.6537 4.6992
10.7043 0.176005
4.79679 8.90688
0.374855 2.2003
8.23235 1.7536
8.30676 9.61716
1.41054 3.6702
1.56367 7.30846
1.44113 12.1732
6.89198 6.44714
10.0101 5.39796
1.07835 2.2525
3.7189 1.33084
1.43491 12.3873
0.564423 8.68539
3.64133 1.79353
10.1249 6.08363
0.700218 5.83675
7.95683 3.98245
4.56609 7.80509
5.65166 10.2734
0.709317 11.3036
2.65172 1.69497
0.222966 5.50249
4.05535 10.7375
3.94879 8.29153
3.81897 7.63282
8.33123 7.37952
4.58121 7.07934
7.32921 4.89911
4.19721 11.0535
7.92091 7.83424
0.0820729 9.09113
3.99113 10.7427
7.73996 1.60194
7.4538 5.07881
3.83204 9.78771
4.08617 6.99665
1.31508 5.91838
4.97707 11.2727
9.9212 5.35154
1.01655 2.16113
8.90269 1.5643
6.43816 7.56293
7.35324 10.3856
0.55726 6.61157
3.7462 1.30148
0.478997 4.163
3.56686 8.49842
1.56119 8.78308
8.78411 9.76663
0.486603 12.1656
4.69799 11.6608
11.4803 1.49832
7.02144 4.80461
0.320185 2.55354
8.828 1.27331
9.42338 0.883747
6.47953 10.4634
7.71492 11.7421
1.95239 3.65702
7.77246 10.1512
9.23317 7.2312
3.35991 1.37366
7.65396 11.2215
8.67028 5.04576
10.606 5.56469
6.94009 10.0242
7.65484 7.28335
4.79405 9.17605
5.4487 8.86283
0.848071 12.0032
2.21964 2.57012
4.16324 9.06763
1.17126 3.62553
7.31384 8.1437
12.1382 1.83108
7.12017 11.6303
11.5326 2.20217
1.22152 12.1471
2.54349 2.00054
9.89386 5.98326
11.8104 9.58773
6.77795 1.17929
10.6395 5.36143
0.887302 5.6555
3.01397 1.86229
10.0306 6.59947
9.09755 7.62933
1.24502 2.52512
7.11288 5.95934
10.6694 7.26101
12.166 9.75479
4.47551 8.28255
9.09069 0.288591
3.82496 10.2598
9.83301 1.14381
7.22463 4.82008
11.9948 10.0088
2.53534 8.88934
1.30093 3.66332
9.45448 0.432277
3.56969 2.26359
6.31983 10.1023
12.4882 2.35777
11.3947 10.2051
8.50213 7.74753
10.7174 6.75861
2.46795 1.75924
1.3855 5.69771
11.9049 0.385548
3.45548 9.88985
6.55217 1.50068
7.4434 6.00368
8.4987 4.52998
3.44201 2.70986
0.187407 2.33145
4.04597 2.32729
0.260655 8.92617
11.7097 1.81352
5.47533 10.712
11.2042 1.12923
8.64032 9.74226
0.14719 8.18289
4.75261 7.58895
7.3867 12.4092
6.4698 6.4416
7.5687 10.2785
9.90326 6.03331
3.39927 8.09125
9.38489 1.63502
0.103419 6.54789
1.13411 12.4866
8.49793 4.3583
9.48996 4.53648
3.58434 0.561643
7.00805 10.3584
8.7261 1.26424
5.11933 11.6034
5.38148 9.33046
3.99886 1.17858
4.91234 11.7857
4.74556 8.74405
0.00859168 5.09111
10.5727 4.71301
4.73495 9.22698
9.1027 4.14351
10.5589 7.25742
4.65297 8.30716
3.45313 10.4679
2.20604 2.92239
11.5525 0.363897
11.3706 1.33521
11.4819 1.10261
6.95883 1.08175
11.6968 0.630298
7.31062 5.65557
10.8251 0.551623
0.827219 1.50511
10.7908 7.16269
10.3916 5.31611
10.0997 1.24761
3.41621 7.91405
10.1027 0.587244
1.99967 2.19961
11.2608 9.31461
1.7346 3.98742
0.408878 12.05
9.0646 5.36362
3.77499 1.15834
8.24305 4.25652
2.83349 1.27195
9.25698 0.565209
6.02028 11.4127
10.9637 1.03552
2.57268 7.78322
0.0168281 1.6448
4.43151 9.10115
7.81084 7.42827
9.98379 6.5933
1.84895 8.08368
8.25951 8.89368
11.86 9.9302
8.56722 1.49029
12.1961 1.53219
1.29478 5.16946
6.50358 11.4495
6.82843 6.33506
8.29775 4.63643
2.78738 8.4418
0.556464 4.1713
5.32361 12.2582
2.90529 1.72
7.42531 7.98956
6.12749 1.27779
10.4285 7.36824
3.55734 9.81912
0.0386702 6.44591
11.6525 0.28978
7.06054 5.00904
10.6753 5.44237
6.41486 1.31132
11.152 0.180353
7.23757 5.63975
4.36062 10.9057
7.9916 4.64885
7.53821 1.60543
2.96782 9.50912
0.939395 6.71946
4.8251 9.37056
3.0488 1.28501
4.39168 8.8667
3.19259 8.15023
10.9746 9.76346
11.7727 9.69462
4.79254 9.90995
6.60474 4.52945
9.80856 4.91051
5.19207 10.0442
5.51613 10.0322
1.76268 4.99565
9.79086 0.934532
0.929875 11.2116
10.2764 4.95648
10.2187 7.32547
7.24388 7.83673
10.2241 6.0965
0.565936 6.14755
10.8203 1.88183
10.8822 0.645183
1.61927 1.99079
0.30744 1.95082
9.56595 7.01984
10.2037 6.00973
0.662469 2.6992
9.67345 0.52279
3.25878 1.26558
0.808122 8.96308
1.57175 5.0151
4.66804 9.34348
1.73908 1.7428
10.552 6.96351
1.71081 7.61323
3.0215 2.54283
6.45001 12.0527
10.5942 0.71603
9.64306 0.191624
10.3657 6.88791
2.31705 9.82107
7.1806 7.3744
1.59492 11.6101
7.21225 10.3669
1.30705 9.45754
7.35365 5.61179
0.625992 8.58213
7.60362 9.56304
7.79568 8.6478
7.87664 5.03988
8.66559 8.34498
0.900797 1.93129
7.05846 11.8766
11.2429 1.22067
4.24635 9.67646
0.495173 8.22467
2.40607 2.21949
1.99985 9.70023
0.564277 5.86582
2.30414 9.33433
11.7338 9.33386
6.2503 11.8873
4.75247 11.9016
0.816634 2.30265
8.19066 7.12355
3.19564 10.2733
6.73255 1.78395
3.24811 10.1222
1.29806 2.00751
11.0459 0.198075
2.6215 9.7662
0.780363 11.4794
1.04801 12.1026
8.21808 4.59642
3.50532 0.833471
10.1145 6.04403
3.37008 9.46699
8.84417 7.87197
6.71637 1.70749
0.350014 2.13591
11.1644 0.938163
9.00723 4.04444
4.52969 12.334
1.22883 5.9942
4.11623 1.46456
0.0624306 6.45973
6.6803 5.02129
10.4127 0.644053
6.87056 6.93707
9.3642 8.36204
2.08358 1.87705
9.09184 1.33361
8.64106 1.36368
3.77385 7.26988
7.3978 6.99691
11.5139 0.154572
11.5732 9.88899
7.34367 6.98684
3.73223 1.18696
1.77055 8.35645
2.35562 1.44337
10.4475 0.504275
1.9919 1.76984
4.49667 8.56795
7.17963 7.16378
8.36873 4.62495
8.88086 3.99018
10.0832 0.536583
5.44112 10.2318
3.35476 9.4982
10.8698 6.80462
7.50681 5.4833
0.953646 12.1212
3.79061 9.63911
7.71259 1.85759
0.755545 2.14665
0.299393 7.55287
6.70788 7.14937
3.65547 12.3364
8.919 4.10776
10.2973 1.21125
9.07167 7.73991
1.31626 6.75413
4.94609 8.1406
9.05855 1.78962
1.02423 6.55781
0.742817 6.71864
0.745543 3.49515
3.19623 2.58922
6.72802 6.87136
5.01638 11.1875
4.28084 9.47188
0.692962 9.26745
1.27796 2.99667
10.0679 5.27598
4.18638 10.1419
1.11039 3.65822
3.29821 0.982181
1.90971 10.9578
8.05557 10.5121
3.51772 1.80211
4.55513 8.84675
0.583139 2.55053
8.29205 10.2734
9.71744 0.435286
6.80146 1.1304
9.57272 5.1486
7.12085 7.68317
4.15951 9.85079
0.444797 4.74981
7.95094 11.2915
10.7542 0.875745
11.5213 10.4669
7.22735 7.85278
7.03078 10.4965
1.43215 9.56929
9.09412 0.483009
7.54435 11.5754
9.16015 4.21955
8.95908 0.0411853
5.05625 11.4327
1.15285 6.91941
8.89698 4.32307
4.21099 8.65719
0.857446 6.60766
4.20891 1.886
4.7574 8.3921
1.2127 2.81219
11.711 1.78407
7.59057 7.48448
1.19529 7.78748
0.169985 12.0166
7.40286 4.70346
3.82347 9.07602
8.51321 10.6052
1.09338 9.16932
1.60789 10.1379
3.42705 0.723973
11.9841 9.90386
0.321909 11.3701
2.67161 8.11758
8.05847 7.42338
0.396839 7.83089
6.79144 4.94028
7.32264 8.01212
3.45764 1.94809
3.04786 2.26999
6.79555 5.37798
7.77357 6.356
7.6266 6.3771
8.12869 7.39755
4.74595 10.4827
11.4892 0.419563
10.1254 0.680321
0.403706 5.34414
8.41327 4.12478
8.80626 9.61325
0.805915 11.809
0.586328 2.6048
10.5242 1.478
6.64578 1.99293
7.18483 5.08512
4.55835 10.885
10.0906 7.19128
7.87754 11.3148
6.54405 11.7955
10.092 5.9963
1.32513 3.38907
0.877799 5.6753
7.6699 10.5032
0.548677 3.352
0.700065 7.64531
1.32775 5.30055
0.0902258 1.78446
0.811417 8.10314
5.7513 9.73046
2.67197 9.86374
10.5719 0.437459
4.5979 10.0075
8.13137 10.3234
0.828407 3.42546
9.25418 7.18536
4.1324 1.85155
3.34073 10.2476
1.80048 8.41125
2.6485 2.21616
3.38511 2.62999
8.45094 4.22733
0.449319 2.80179
5.54348 12.4618
0.639114 2.96504
0.623106 11.9594
5.32575 9.89627
3.97829 7.29345
0.293401 1.75776
8.70755 10.1152
9.67105 4.49012
9.46834 4.52892
11.3956 9.16193
1.89933 8.2518
7.00775 11.2685
7.48489 4.20172
0.680036 4.04188
0.729508 5.30354
6.76364 11.3357
9.96319 7.90094
1.14598 11.6931
8.43081 4.719
8.7337 3.97015
3.64246 7.51998
4.33363 9.96827
0.531273 7.67786
0.297627 5.70094
0.40836 6.11566
1.41379 8.37902
2.8532 8.29607
8.86275 7.85566
3.71255 7.32475
7.34532 9.76013
4.72783 7.55181
10.8499 0.828887
10.9136 5.66095
3.36314 8.95448
8.08509 10.1923
9.35929 0.450331
5.42686 10.094
0.501252 8.26662
8.98892 4.02481
0.881603 11.327
8.68283 0.0772839
9.57998 0.443397
3.76278 7.37315
11.6809 9.41763
0.679076 6.71709
6.56024 7.55509
0.792248 4.96733
5.17333 10.6042
3.68801 2.77249
12.4167 7.2848
0.828528 12.4374
2.87799 2.54252
6.38079 11.5688
4.38626 11.9748
2.72383 2.56291
1.78262 5.13799
10.2413 5.36285
10.9041 0.456021
6.36314 6.54754
2.86932 1.22636
11.9657 9.37862
0.0290464 5.26423
6.80022 10.6565
1.49601 1.7284
0.365845 4.223
3.66235 7.86111
9.79133 4.83084
10.5717 0.138863
6.89226 4.79171
0.705253 6.04557
7.46916 7.52308
10.5456 7.70719
8.9998 0.883674
0.708626 7.02958
3.56188 1.96094
0.871028 1.4714
8.47504 5.43642
7.27779 5.41893
11.2388 10.0915
9.33089 4.69185
6.71901 10.4819
3.22848 7.5043
10.8787 0.171152
9.12543 8.26499
0.892413 6.64366
1.1412 9.80538
1.10622 1.65909
0.0113678 9.29286
3.4002 2.27963
10.3115 6.10968
7.50762 4.42982
3.01597 7.81713
4.76355 12.4841
9.10827 4.46641
6.94944 7.34007
1.22546 1.85794
8.24911 8.63739
2.75399 0.582764
7.38169 6.47654
10.3612 5.42152
10.5572 5.09382
8.23553 8.33779
8.14233 10.135
6.66664 1.11045
5.15553 11.2209
10.5186 0.212289
12.4735 9.5209
3.00486 8.40129
3.83247 9.96408
10.8663 5.09142
4.91778 8.32417
5.04989 11.3064
0.917961 11.6202
11.2069 1.49955
7.1306 5.36137
2.07535 8.36342
3.62178 10.0163
10.2194 6.75455
5.29928 12.4116
10.3619 5.23116
0.910059 2.6076
1.74911 5.11123
11.1776 1.0358
4.15481 10.4671
3.76256 8.82549
11.2816 1.50097
8.764 4.10252
2.12331 2.92737
5.2951 8.85554
0.0544908 6.35046
6.95529 6.54133
11.4384 1.29492
4.71016 7.5167
2.8306 8.82142
1.38983 7.53897
9.03091 0.895912
8.34695 1.16999
6.47727 10.3538
4.86821 10.646
2.66247 1.63802
5.7114 10.6907
10.3395 6.34931
2.32223 7.71607
10.5019 1.3099
8.60966 9.18491
8.58882 9.68418
8.20449 7.4236
11.1336 0.325922
8.0641 8.32602
0.825569 4.69592
3.69416 10.4218
9.70356 7.64668
9.22106 0.387534
6.65205 5.3225
4.4313 9.94992
2.16669 3.3669
1.50832 7.20436
6.42563 11.1102
0.476189 11.6144
0.875746 2.86319
8.48469 8.07874
0.75115 11.4744
11.5608 0.128546
2.72089 0.891225
11.142 0.508612
10.4082 5.49712
0.392924 8.42863
1.8367 2.1174
9.28411 5.17912
3.72124 10.2154
0.157109 4.70958
5.09891 11.5872
10.4147 0.146046
4.53351 12.4826
9.91018 5.13977
7.7412 5.80531
8.78416 9.29477
11.5816 2.02459
6.18073 1.47378
6.77481 4.63258
9.31948 7.12758
0.475915 11.6987
0.769764 12.3879
0.0371867 9.37954
2.17801 9.44233
8.3309 5.29665
0.644516 11.8332
1.71316 2.75182
11.197 1.95712
4.84886 9.05822
9.8292 5.68589
4.92958 11.2849
7.57114 11.1438
5.01985 9.34555
1.51659 7.76015
5.23966 11.5592
10.8415 0.463777
5.93002 10.5276
8.82047 8.09725
8.42653 4.77485
7.40451 9.46247
1.25473 8.2921
4.18972 10.443
8.14947 7.31172
11.4098 0.374577
6.64809 10.6477
6.02311 11.9485
0.568117 7.2012
1.32222 9.46207
4.22227 2.05448
1.16502 2.13215
7.20333 7.83683
10.3884 1.17031
3.30936 1.40922
7.09605 10.4778
10.3683 6.88273
12.0444 9.74597
6.96725 10.8228
1.00618 2.83256
1.76499 7.88456
7.07731 6.86789
3.9523 9.59345
4.54163 9.79576
4.85256 11.5818
6.44769 7.33754
8.15802 7.13653
7.91171 4.54895
4.30544 10.4612
10.4353 5.75558
3.93081 2.28036
4.62948 7.48456
7.61336 11.9696
7.41308 7.27522
11.1534 9.94667
4.57339 10.5241
7.136 2.07452
3.24283 11.5235
1.9659 7.82175
5.06585 9.51777
3.32366 2.25103
5.68495 11.8043
7.0173 1.99388
4.02712 1.97109
2.10379 2.47245
1.60602 8.67761
9.58753 0.820021
0.498425 8.07877
6.72092 1.30847
1.36584 5.55267
8.72454 7.53494
3.8826 1.25916
7.50475 12.2068
8.03966 5.48504
5.71537 10.5833
0.82671 12.4712
0.755164 6.05621
0.371442 3.9477
0.805062 7.30609
10.0684 7.51602
9.29049 1.23731
0.293214 12.201
5.66428 10.46
11.4129 9.88935
10.2421 5.19317
6.44517 11.6065
10.9282 9.77467
0.94373 3.5695
0.802526 4.10837
3.51045 7.65101
0.274127 8.87434
6.21042 7.0708
4.94173 9.55172
8.89896 0.270641
7.71708 1.95644
11.16 1.84995
1.48365 7.94568
3.44483 9.3428
2.70123 9.01215
9.7403 6.79195
0.513213 7.58205
4.21786 7.98534
4.3626 7.3394
12.132 9.10516
9.76464 6.81263
8.70716 9.6469
12.0748 9.62049
0.421881 2.11669
11.7764 10.2761
0.96445 2.06443
11.0892 0.945729
7.84109 5.10752
10.5283 0.713143
10.8445 0.355441
8.68545 8.0321
7.79943 8.44767
3.98245 2.11256
0.046138 2.1437
5.1744 10.4352
7.26846 5.10481
8.81606 9.18609
1.69452 7.39099
9.11848 0.995753
0.171462 8.08833
4.79288 9.27027
5.35447 11.2252
11.7883 9.30281
1.15175 12.1981
10.2087 7.56895
0.632037 5.72358
2.06017 8.68291
0.492465 6.80981
6.97901 7.22662
8.83941 7.72565
10.3229 7.50638
5.75638 11.2568
1.0663 12.2404
0.579689 8.77921
6.6975 11.0167
8.61195 4.91533
4.4256 9.75787
7.63819 4.92972
11.5008 9.64949
6.38369 1.15408
1.25258 2.00466
5.00287 10.5883
0.605853 3.4954
7.10785 1.53245
5.29556 10.8916
0.790909 4.63653
0.892363 5.79864
7.60821 7.21682
5.18849 8.73983
4.89762 9.95928
10.184 5.09885
4.91682 12.4812
9.54365 0.523269
0.820699 5.20984
4.07162 6.97518
3.89644 8.13672
9.97584 0.542054
11.3692 9.87544
5.26918 8.81868
2.41164 3.26341
6.80226 4.28489
4.17815 10.9447
8.29985 5.1529
8.29525 8.91026
6.5233 7.68402
6.55991 6.28503
0.700665 4.44463
0.590507 2.83616
8.36712 4.96997
4.72465 9.21497
7.05227 11.1317
4.66891 11.599
2.19397 9.99677
4.8816 9.18642
4.67014 11.6855
0.347863 3.48851
8.32706 7.50684
0.387555 4.4394
3.95067 2.38136
11.1628 9.99387
11.8268 9.63867
11.4616 9.5731
11.4181 0.238355
8.0348 6.84799
7.81749 7.5356
7.81906 10.2532
2.24378 9.94012
5.24358 8.63072
9.35044 4.8606
4.71992 11.757
9.92187 4.20681
0.426045 8.58194
0.743525 8.73522
9.35846 5.35366
3.39307 9.76409
2.46262 2.75371
11.8603 1.92915
7.31166 12.4583
8.83696 8.09805
9.65439 4.69537
11.1088 0.994536
1.85379 8.95629
2.41047 1.38895
6.83681 1.61605
5.04496 8.04874
5.32061 9.28777
5.39601 9.17321
6.80386 9.7188
9.539 0.910745
6.56921 10.7209
7.82737 5.60918
3.54815 0.961982
7.63796 10.7084
4.60916 10.3269
7.95215 5.07552
6.13911 9.79136
10.0959 4.09882
0.364273 5.2882
0.0308224 5.81838
0.925772 1.89678
5.63697 11.5008
2.30086 2.95594
4.82973 9.33813
0.438595 11.2129
1.03825 11.7772
3.39183 1.25433
10.8899 0.657568
8.2993 8.49014
7.31384 4.07026
1.04737 6.23199
0.894802 11.254
7.6778 4.63935
0.631239 7.89516
0.195472 8.05528
1.67519 8.24586
0.187019 2.24082
10.6075 7.3128
4.08441 7.34542
2.52681 9.08982
4.48577 9.9498
7.48167 7.25178
3.70438 10.661
7.23517 6.34571
0.325986 9.49593
4.50127 12.2204
7.80351 1.40849
7.18236 5.97182
0.802672 2.22127
1.22701 2.58749
1.08767 6.69243
5.21949 9.79129
11.3261 2.14926
2.13894 7.90522
4.05478 7.73195
11.7839 0.505124
9.35041 8.33193
6.72825 11.8716
6.83587 12.4933
7.916 8.46827
8.51012 4.82412
9.66293 5.79087
5.14015 11.496
1.85922 3.43151
4.39435 10.1598
7.8605 8.01494
8.33237 9.07038
10.2214 7.90479
7.31498 10.3284
0.256613 11.5014
7.7826 4.83648
6.67207 6.61527
3.91567 1.05466
3.03887 7.90664
2.97895 2.16973
0.453824 5.70824
1.91652 9.13289
9.32359 0.438188
1.09587 2.85678
3.46735 8.91669
11.1872 10.2003
0.299344 11.701
1.99774 9.13162
1.0234 3.42515
3.399 1.09583
8.97645 3.8658
10.4831 0.507503
10.7757 1.98362
4.70175 10.1734
12.0398 9.80252
0.403596 6.60177
7.017 7.87019
10.5434 4.95837
7.86392 4.22938
10.3267 5.76356
4.51259 10.9995
9.91842 1.61626
8.2113 1.47258
9.71207 0.438776
10.6937 0.978024
1.05971 1.54273
7.39104 4.92901
10.8934 9.96002
0.53846 8.06334
0.177448 6.86249
6.56668 6.93694
4.07473 1.42363
7.32865 11.8799
9.54823 7.16618
10.1298 0.808737
6.51891 6.94631
5.04391 12.1059
1.46821 11.8494
10.5381 6.26775
7.35048 9.74514
10.6279 0.280733
7.93398 10.679
0.411903 7.53721
5.12045 10.2785
6.62859 1.13605
7.55362 4.55981
4.6414 11.1067
3.5465 10.361
5.57632 10.4776
4.9634 9.88973
3.54426 1.59272
4.93483 10.4021
10.4496 4.88324
7.38194 10.9897
12.0612 9.79583
1.19918 6.42799
10.4552 5.29662
1.6076 2.09387
4.41638 8.48716
0.261616 3.50675
7.315 4.75689
11.3775 0.0701113
0.356668 3.0494
0.0339902 6.86423
2.87842 2.79037
6.84621 5.01594
11.5974 10.2947
12.3627 9.27211
1.21851 7.90557
8.80179 4.73165
3.1126 9.45606
8.11224 6.9192
0.547184 11.7765
0.852248 11.5775
1.51593 9.80933
9.14457 0.736005
3.83945 2.37433
0.330342 6.53877
7.12662 10.7562
8.00508 10.4774
3.84404 8.27719
12.1771 9.72686
10.0465 5.83715
11.8014 0.154889
4.73024 8.70937
0.975102 7.07056
8.15806 4.73899
4.78526 8.27686
2.67112 3.03979
10.2133 4.63523
9.72099 5.20411
5.68525 10.5048
7.17631 6.79481
4.01602 1.42053
12.2363 9.30352
1.21956 8.16821
5.79163 10.4957
11.1207 1.90003
7.83111 7.39369
0.196092 5.0815
4.91569 7.63119
3.95724 8.16032
10.1048 4.69374
3.6688 8.06642
3.68931 7.92502
5.89686 10.2058
1.80769 4.69086
0.0115862 2.45241
0.375836 9.13987
7.50168 4.61329
5.25124 10.1526
9.55661 1.85216
10.6148 6.5195
1.14121 8.14974
8.65681 8.88421
4.71713 9.32126
0.0737301 2.43947
3.56799 1.13976
1.31839 2.85383
4.03872 8.50326
8.24368 8.4274
0.486057 8.42593
6.95558 10.8594
9.88503 0.323216
12.4302 9.16999
10.1946 5.11099
2.32322 7.96503
9.15819 5.0084
6.79344 6.92227
8.86127 1.22784
8.17823 8.83515
6.86609 5.13184
3.53235 10.2996
0.436857 7.4561
6.91262 7.1943
1.6168 1.73989
10.6086 7.6481
7.73139 11.0133
6.67577 7.76996
1.12281 7.51408
7.47111 11.2515
3.65646 7.71403
7.12937 7.999
8.77094 1.78982
0.380342 7.60498
0.715749 6.32398
9.71943 0.164174
11.4786 9.60732
2.94469 2.76949
6.35384 11.6841
2.2276 9.44939
0.922992 2.28106
0.850084 4.43642
2.41025 9.95598
2.21544 8.65233
10.3768 0.780147
3.90055 7.40008
8.9943 0.211666
12.3442 11.0893
6.48091 7.51593
9.53381 0.386779
1.09523 1.74308
9.06615 4.60482
11.6942 9.66902
12.4823 9.18065
2.03076 10.0211
5.04786 12.3872
7.72238 9.5682
3.98111 7.54958
4.30797 0.719019
8.60178 4.15854
3.53241 1.72873
11.1457 0.270211
0.407291 3.59976
6.87922 6.77896
1.44661 7.67326
11.3724 0.0574955
11.619 0.605474
11.8119 0.780984
0.973867 2.57195
0.803774 2.09726
8.05209 4.26161
6.8399 4.91669
10.3022 4.51943
0.18926 7.17305
4.9151 8.25472
7.33995 1.69995
10.2899 5.4458
8.09919 1.38702
9.63147 7.68317
0.925917 3.22834
5.65121 8.24818
9.5581 1.24248
9.83226 0.30028
3.00545 8.39183
7.82074 1.69112
3.46329 9.91444
0.292602 2.37138
11.4005 9.21325
10.3728 7.08894
4.73959 6.6366
2.12935 7.72974
9.55858 7.9093
1.64454 4.61797
11.7044 9.44306
8.34637 9.369
0.239447 9.22104
9.96725 1.33586
3.59061 2.44812
7.56347 1.14288
4.13917 2.25287
0.662347 11.5582
0.723243 6.72299
4.65513 7.62667
6.72359 11.0168
12.3888 10.2453
7.82441 8.69799
4.7964 10.2517
8.23442 4.91155
0.883639 11.6351
5.13256 11.4926
7.78862 1.89496
1.08748 11.8977
1.69018 2.11227
6.82246 9.80217
9.51313 4.53994
10.6134 0.774679
3.91776 10.1388
10.3797 0.47154
4.87974 11.9723
0.644548 2.63177
1.92058 8.53699
3.1677 1.31255
0.456606 8.26001
1.56237 2.14105
8.60652 4.53182
3.87579 7.80025
7.97656 6.96946
10.6865 6.3694
7.31667 6.41386
1.79687 3.12741
1.97088 1.78588
6.31945 2.00456
4.54669 7.25374
9.87937 4.38931
0.693655 4.42284
10.9741 0.280727
3.6095 1.29795
10.1884 0.242668
7.80607 10.3344
0.711533 5.75918
7.883 6.57645
5.23268 10.81
4.88804 10.8628
7.36344 6.84393
10.0385 1.44561
8.60061 10.2124
10.343 1.76456
8.03179 9.37296
1.20702 6.90534
3.10135 7.75716
3.55915 0.687495
10.7408 7.21368
3.38737 0.771908
2.93277 7.44937
10.7656 0.373268
1.18077 9.72921
3.24938 2.23244
6.76359 11.1118
8.68958 7.14333
4.86978 9.81473
1.46587 11.5852
0.517728 7.79295
3.73363 9.18132
7.35119 2.06218
2.6148 8.64204
0.781371 7.72051
4.45388 11.9817
3.75229 8.49535
0.546523 5.858
8.51117 0.87744
10.0814 4.57459
4.49333 12.3154
4.37477 8.79049
10.2869 5.88698
5.77307 11.2637
4.42543 9.23199
2.40805 1.3469
7.50235 4.41031
10.2577 0.16188
0.937707 2.87607
2.1286 9.80576
2.79285 3.1387
0.928686 8.27246
0.202174 8.57931
11.1834 0.14633
11.1307 0.423754
1.61174 2.54513
9.25361 0.0871482
3.149 2.74181
10.6005 5.54969
4.81819 8.65631
4.74944 10.1915
1.71981 2.07353
4.43115 11.4355
1.49256 12.1782
2.90415 1.76298
11.0961 0.918473
8.8282 4.74036
10.1839 0.536908
8.48059 4.50784
0.366456 2.73927
1.75885 7.86683
11.0593 0.270693
1.06077 5.01915
8.06643 5.5082
3.392 2.48434
10.2441 7.61124
1.30123 4.88035
1.50652 5.69576
6.84572 8.86507
2.86841 8.72934
2.06505 10.1005
6.73715 5.08432
12.1195 9.29758
10.29 5.81229
8.21971 8.8275
5.24831 9.21316
8.93516 4.72636
5.77327 10.7818
8.80553 0.256252
0.528867 4.27624
9.53777 1.52114
7.31909 4.19388
0.100665 8.1078
8.4496 5.49376
7.74244 4.71023
10.3906 1.14837
4.75076 9.62172
1.08672 9.15099
7.53366 10.2808
9.95541 7.40597
2.67689 3.32373
0.912417 5.13033
7.32979 6.93666
1.37282 5.70807
3.99598 7.9967
6.79581 12.0727
10.8701 0.386978
10.9228 6.38024
4.53236 9.23705
3.21454 1.29485
10.6699 1.76934
1.89183 8.54577
1.26032 4.94608
4.32333 8.76854
3.99726 2.10237
8.47006 4.68946
1.59629 8.12575
0.866921 12.0171
1.36861 5.33311
3.19097 1.03197
3.89456 8.29816
5.50681 11.945
1.2719 9.06253
2.68002 1.1752
10.4597 0.877455
1.84272 4.77778
1.73723 7.80346
0.161738 7.06014
4.99861 12.4757
6.6907 4.7595
4.06806 8.29508
9.75583 8.14373
7.15285 5.48515
11.7478 9.53191
1.29289 2.2051
3.88531 10.775
1.66119 2.21536
0.470521 5.18756
4.8818 9.81631
11.6696 0.157112
11.7084 9.7046
1.34561 2.42797
8.73626 4.92462
6.90522 9.95519
9.67015 0.232392
2.92043 8.59871
2.06723 8.24362
0.806975 4.97759
11.907 9.24284
3.96958 7.44185
7.62387 7.89809
6.4198 6.98555
0.641487 9.03545
7.12726 11.6104
7.45971 5.15887
0.393771 2.08071
12.1958 2.38167
11.091 0.300199
4.06621 8.83677
0.288493 4.86321
6.80407 4.59016
9.69925 6.23753
0.646222 8.58416
3.07587 1.50143
7.34064 6.04792
10.4169 1.71203
12.0824 9.16579
5.85446 9.43093
1.93822 8.27011
5.07116 12.4013
7.8839 7.92948
3.76576 8.52599
8.18425 11.0115
3.45348 8.40071
2.22259 2.73502
10.3989 6.89159
2.24509 1.19487
9.32847 1.13881
0.988021 2.56259
3.8695 1.08919
7.90344 10.8368
6.0155 10.7824
11.6923 10.2106
0.723299 7.44274
7.63428 10.0909
9.75878 7.30231
7.73065 6.15803
0.634206 12.3103
0.0267766 1.69698
11.2074 1.65429
8.54727 8.41804
4.66949 10.6773
0.887505 5.11504
7.35711 4.62191
0.0124278 2.87312
9.11319 7.43171
3.93043 1.19223
9.35867 4.71469
9.95509 1.05412
11.1056 0.141452
0.29679 6.56943
3.9982 10.888
9.14186 4.87028
7.99976 6.76895
7.97413 5.2346
7.64058 7.99114
8.49926 10.0312
12.2087 9.10421
6.60595 1.61067
7.83603 1.69577
6.59694 10.9869
9.88891 5.37381
5.05287 10.0736
0.773473 8.70927
6.87008 10.9328
3.72601 1.71605
7.31109 4.22796
10.6068 1.30353
9.0304 7.97687
0.18124 12.2678
0.618946 7.40798
11.3123 0.89976
7.12577 10.6551
0.0727395 7.9179
11.7036 9.20306
4.92445 8.97826
7.36733 3.98702
0.734928 5.22543
9.10461 0.123264
10.6034 0.113006
4.82201 8.11736
6.96581 5.56481
1.38002 7.48949
5.29564 10.9479
9.28026 7.67509
7.12018 12.0033
7.26352 5.68155
1.78929 4.5105
3.92466 1.93802
1.80469 8.67921
3.27874 1.00329
1.66266 8.12347
4.3742 9.11493
6.35736 5.55225
10.705 6.87938
0.164966 7.79898
2.89531 1.50846
9.5561 4.78086
4.64318 9.71149
11.0234 9.43461
9.40165 7.37135
7.62429 4.55518
7.37866 1.38087
0.258927 8.10331
9.94446 1.5594
3.16308 2.92366
7.51807 1.97373
9.66824 4.37936
8.87959 9.36103
10.0294 0.599758
1.32633 7.40961
8.61297 4.7954
0.44411 4.2902
6.16285 7.06221
3.2087 2.79628
11.0586 0.796692
1.56449 2.31086
6.2727 4.93907
6.62112 4.59801
1.77763 2.40233
4.26544 7.97737
2.93494 2.98221
4.74022 7.74403
1.18089 4.80712
9.70367 0.754737
7.73284 4.07311
8.35231 8.99855
4.80582 11.7836
10.094 7.11632
7.82502 7.96201
1.14604 5.62124
3.21983 1.4765
0.754077 8.78412
9.01196 8.76436
7.23397 11.9082
9.35084 1.51353
6.93093 5.26828
9.48829 5.69195
7.55681 6.15828
6.52174 1.80422
9.03619 0.164183
10.4492 4.94866
2.77012 1.08782
8.15628 5.47626
0.744785 9.43451
6.43272 10.4151
10.4328 4.99058
12.2184 10.1248
7.88411 4.66523
4.84527 12.0777
8.29994 9.36432
7.14343 4.74079
11.2988 1.89759
7.56161 4.56836
4.14845 10.028
1.34415 11.5448
4.23924 9.28505
2.68162 8.42979
3.80142 9.00456
2.05151 3.11348
0.424419 11.3434
11.4983 2.18435
0.428488 5.73654
1.02018 8.10223
0.828115 11.3384
10.6999 0.320226
10.6294 0.355727
5.28372 8.94287
3.20097 9.29308
1.14894 7.3723
10.8527 1.88086
5.04327 9.07756
5.38178 10.205
1.1652 6.37762
0.387151 8.27484
0.512798 8.86478
11.7138 10.4179
3.9548 2.04551
7.46041 4.31658
9.78019 6.56463
2.72881 2.14259
7.13494 7.4666
10.4241 0.608127
3.99833 7.37383
7.59081 5.30641
9.02928 8.40328
6.46049 6.154
10.2056 0.232699
10.4445 7.51833
1.81587 7.71896
8.33421 10.5726
5.98708 11.7906
9.62553 7.57328
8.90577 4.87578
3.23559 9.51502
3.3497 0.955111
9.85683 7.43285
1.84221 1.88597
2.4597 8.49294
6.09428 7.25908
4.6468 8.38793
1.3044 3.23034
3.11314 2.99862
7.21617 1.90286
10.4215 5.4781
1.11084 9.48109
12.0565 2.06272
7.63169 6.66959
7.05624 7.91808
1.40341 9.36326
0.0621365 4.04808
0.391816 11.6507
0.43939 1.5668
9.09991 0.742048
4.02701 1.90885
6.81523 1.22251
6.72164 4.78174
8.56625 4.42562
1.83449 2.76172
4.35812 8.63452
7.71077 10.102
7.85276 1.98847
10.4859 0.499332
1.13503 7.2571
6.11776 9.85135
0.986849 7.19901
8.77312 0.779566
6.49976 7.1879
3.18563 1.7119
6.93825 11.0823
9.70261 7.28382
4.20833 10.2312
10.0792 6.81285
7.92185 10.3422
10.3968 5.85775
0.477506 5.63218
6.42838 1.50642
5.09272 10.3533
10.5327 6.12798
1.09741 1.69264
8.90554 1.52173
3.35936 9.9387
0.24415 7.90269
10.8419 9.7524
8.02844 6.96217
6.59365 9.95202
3.74443 9.8519
12.4557 9.43428
9.56358 3.98402
8.16574 9.29138
4.85408 8.41459
0.627955 6.78768
9.62459 10.5479
6.46513 4.64535
10.546 0.465723
1.00409 2.29266
10.8289 4.81587
0.027593 8.32462
5.00282 11.4462
1.26101 4.71646
2.22707 9.82863
1.97836 9.13179
5.02081 9.10665
6.90964 11.9531
4.34752 8.24714
1.77838 8.32095
9.26577 0.690241
7.21641 1.9858
8.33378 4.4644
4.71766 11.3167
5.12002 11.6805
12.4963 9.14721
12.0193 10.2328
0.63275 12.4496
7.06087 1.66889
9.11472 4.03036
3.85103 7.41909
2.96221 0.892515
2.60532 2.31635
11.2902 1.16088
11.3782 1.54398
11.1646 1.86872
2.20699 9.25521
8.01882 5.04071
8.42996 10.5251
10.9705 1.82031
6.61764 1.20246
1.36522 8.27963
9.09435 4.88173
6.11015 10.9649
12.2788 9.96747
5.1847 8.25876
4.98268 9.75489
6.87949 10.8345
11.984 9.91977
4.11523 9.7252
10.4056 4.66693
5.29098 9.67424
9.88539 5.43408
1.64643 8.02253
1.32167 8.36171
4.39569 10.5781
0.720777 3.8374
8.34407 1.3151
11.0147 9.66481
6.59475 7.52613
7.5584 1.8986
3.9337 2.04578
8.60508 4.78685
8.90397 1.72859
9.10642 8.16514
0.0331779 6.16115
3.43311 1.35804
6.2386 10.0815
9.17589 0.0440364
7.23363 11.0496
7.84801 7.89921
6.36323 7.4846
1.3428 8.55677
7.66955 4.94614
4.55403 9.58438
11.0497 9.94525
7.92776 7.77553
4.43299 7.41374
7.60378 4.77909
3.13706 1.2019
9.69433 1.41936
9.2406 7.41699
9.00406 7.72833
3.86898 8.5546
1.94673 9.65371
8.25992 10.3161
0.131517 11.9915
0.592569 12.4319
10.6087 7.33246
1.93215 10.1195
0.637759 4.75847
4.18044 8.29366
7.32199 10.8548
5.0737 9.19074
0.804677 7.50025
11.4067 1.07972
2.70015 1.58855
7.62958 10.6484
3.82844 1.48731
1.89279 9.76239
2.01764 8.43682
0.196378 4.08851
4.33587 8.37758
7.27914 7.3002
4.34743 9.66493
2.00936 8.40464
2.67902 9.48481
0.358888 8.31555
8.4536 3.96726
6.61549 7.12769
7.78072 1.3127
4.32487 8.24718
1.50508 7.49468
7.13677 4.6075
11.5693 1.86238
11.1449 9.83475
0.744769 1.64953
4.91977 8.16804
10.2624 4.91401
4.88968 10.7541
10.0844 0.375659
0.805862 9.5865
4.09549 10.3224
0.837887 7.31906
4.2254 7.78514
1.8104 8.84341
6.86088 10.8803
9.6793 4.18229
9.75981 7.29528
3.98218 7.24155
3.92205 1.53362
10.6117 6.10034
0.25126 12.2476
3.80044 1.44399
0.808782 2.12776
6.82952 4.98229
7.02548 1.6926
0.560438 8.29356
7.82232 10.3503
5.11401 9.21693
9.02142 0.217867
0.0663042 8.4806
1.44463 2.23203
9.45347 0.588923
0.907879 4.42137
8.36577 8.15887
4.06659 8.74938
4.17173 10.525
6.65274 7.0855
0.0549934 2.86528
8.29384 5.47651
10.4052 6.50433
3.27735 8.80896
7.35511 12.1672
1.16136 6.68011
9.599 0.761642
9.66825 5.05327
1.34688 2.54415
9.92329 7.06545
1.27828 1.44733
1.11606 8.67311
1.34316 5.53274
9.10102 1.56768
7.39913 5.21662
0.117815 12.0472
6.38994 1.42213
4.08626 8.03882
1.94795 2.03187
1.12416 12.4304
2.44673 9.14914
0.335243 3.06103
2.45623 10.0917
6.77226 1.32644
4.12627 9.85567
10.6391 5.00863
0.803669 4.18457
11.7766 10.1746
1.2001 8.01724
9.70673 4.99981
10.8168 6.18879
3.7157 1.87811
0.64383 5.59764
1.207 3.86379
3.74975 7.58601
8.6198 5.33556
5.14111 9.46145
0.918145 6.999
4.60244 10.2365
6.17591 10.6401
10.1121 6.8219
3.52141 0.136214
0.623384 6.52301
3.76506 2.71048
1.18721 9.34627
0.366944 3.30889
10.7536 6.03736
8.67025 8.48588
10.7343 0.567597
0.97789 4.07316
0.330477 9.49869
8.65622 0.421165
4.30266 7.459
0.671599 2.25342
8.74007 4.74084
6.99641 1.54688
11.4817 0.848046
7.41567 7.19735
3.91654 8.52846
10.1507 0.177538
3.79177 8.13026
0.797483 7.01256
9.69692 5.6982
1.87739 10.2372
7.50155 1.54111
4.71386 12.3085
1.91092 4.65349
11.1461 0.488579
3.7297 10.3073
9.31247 8.41177
6.95971 10.1665
9.68225 0.744032
3.47806 0.886759
10.6241 7.30289
6.73259 6.16686
0.311632 9.40458
10.2938 7.17078
2.97194 7.56086
0.76169 11.6745
6.49055 7.45008
4.93791 12.3944
1.9822 2.86776
7.00036 7.53007
7.86151 8.3819
1.21293 1.86102
8.5947 8.65096
8.55651 5.18229
6.94871 7.59817
2.02935 1.57766
9.70303 8.2028
8.49896 1.66554
2.19505 9.13058
4.56502 7.38037
1.10342 6.00056
8.00297 11.016
7.22427 7.02574
1.98526 2.69119
8.77772 7.31333
12.2861 9.76671
4.91772 11.9914
0.0758435 5.35063
9.18811 0.39847
11.188 10.0405
12.2429 9.67618
0.00593365 7.58275
4.11908 8.19857
4.04161 9.38195
6.40132 6.75087
0.295978 9.43271
1.38856 11.4686
6.51686 2.06413
0.0650759 2.51867
0.322648 12.245
0.472656 11.9929
1.31924 9.3309
0.820585 12.2486
1.73095 3.99131
2.19878 8.95172
9.39604 1.03414
8.51915 3.76694
1.5027 8.16725
6.69418 4.89017
10.9124 5.16038
0.486361 9.20043
0.534451 1.96318
2.01868 11.0945
8.76489 9.71387
8.15396 9.00683
3.73987 10.159
3.67817 1.35136
3.63814 1.70311
11.3551 2.07601
4.07595 8.38348
2.50799 7.54565
8.09374 10.5115
9.27578 5.42654
11.9997 2.16531
2.73978 8.68753
0.975446 2.99738
9.05186 1.45067
1.035 7.90724
1.02642 8.97599
5.30135 9.87472
11.6768 9.91572
1.44686 2.99053
1.27775 11.343
3.66539 1.44027
10.2259 5.06541
0.335712 11.2738
8.62655 4.27845
1.09458 5.97231
7.18708 11.0631
7.49526 7.18544
10.4245 0.833324
2.46064 7.78414
11.3729 0.398011
0.805852 7.99763
7.85065 7.64496
7.52268 6.16431
1.41875 3.40248
3.44102 7.40058
11.1766 7.16912
10.5329 0.187945
4.23154 8.515
3.75764 7.42712
5.75864 10.4589
10.1363 0.0796113
4.14988 7.17442
0.68963 5.69748
0.0829828 1.66348
3.8654 7.8832
4.60843 7.29995
11.9749 1.74954
6.77167 1.19191
7.33858 4.6491
3.88537 2.07575
9.05926 4.61709
7.32617 10.5325
9.95687 5.05701
4.58706 10.5382
1.27319 3.99876
7.69546 6.91793
0.461594 8.29265
9.35696 7.11911
5.91939 12.1782
4.68283 11.4969
7.20034 4.54438
9.41873 0.835674
5.0487 8.44562
7.16402 11.9666
1.22598 6.91375
1.81232 8.10368
6.29133 1.74946
4.7567 8.38535
2.97792 9.59818
10.9129 1.31995
8.59509 4.38536
4.9541 8.61801
3.67275 2.19057
7.72586 8.13087
8.61374 10.5611
3.94832 8.46631
1.73851 4.60169
8.55013 9.62107
11.2992 1.01292
0.0721299 12.4809
0.334723 2.53538
6.99852 4.04196
1.14816 3.75573
9.99941 7.32009
9.3405 4.22793
1.70004 9.89265
2.20034 2.5902
10.3012 0.0849299
7.44672 4.45455
6.88442 2.20417
4.64237 9.5685
5.20824 10.16
4.83702 11.6323
2.57049 9.49223
1.96983 3.18248
10.2541 4.41873
8.44985 4.11265
6.73868 10.6024
4.71634 7.78255
5.23661 9.53196
12.4667 9.26329
1.72613 4.49172
10.3982 6.17264
8.22998 7.39991
6.78764 6.06868
0.374813 6.83179
3.72232 2.67757
1.24881 6.23305
4.54154 9.58526
4.24836 9.25856
11.2124 0.516135
0.937414 1.66153
7.89943 1.36377
11.0143 9.56037
6.31542 10.6162
6.96458 5.5059
1.96448 2.48648
8.28866 10.6658
5.45661 10.4128
0.418033 4.82993
1.51065 4.3639
6.36843 10.9196
8.72329 0.345508
4.79307 10.1879
11.5434 0.938782
1.48011 7.684
9.75837 4.93422
1.11672 7.4484
5.11547 10.707
4.65926 8.48047
1.64987 3.5545
8.21432 8.70981
5.41113 9.45948
1.27106 6.20323
0.0571063 11.7192
9.5086 1.11098
10.4617 6.97899
2.51152 3.03527
0.650814 5.18494
11.3517 10.068
8.35986 8.77607
10.1895 6.70289
1.48697 7.99749
2.88291 1.63175
3.30444 2.01119
2.02311 3.02761
1.02859 6.55115
11.3554 9.9876
11.7181 9.30165
8.87107 7.26605
3.69279 1.48111
0.575737 4.49761
8.53258 4.52372
9.62362 0.056995
9.69988 8.01578
12.1377 10.246
0.580691 8.68684
7.84914 10.5482
2.34723 8.41235
8.41597 4.29608
3.04427 2.70116
10.5778 0.207042
3.31199 1.62341
11.8929 9.7566
0.264037 4.16613
6.08138 6.66823
9.54342 0.931664
0.602237 5.87776
11.6358 2.01634
0.3243 1.59508
6.77589 10.2755
9.75348 4.81086
1.06098 2.38451
0.869354 9.15926
11.2142 0.239054
3.57222 1.25541
10.5701 0.0654292
2.89927 7.54089
7.4228 1.92722
0.216887 4.7266
3.29342 8.24048
7.71899 4.24403
9.01496 1.77831
10.84 5.87125
0.559003 3.72349
0.517755 6.69142
7.2194 1.86211
11.5944 9.3871
1.23042 2.28545
11.4875 1.89145
7.62276 1.97744
4.56495 2.83425
7.14674 11.6163
7.46099 4.37906
10.1296 5.94381
1.40567 2.97705
11.6414 9.52795
2.60093 7.97277
7.68143 8.21444
10.6773 0.792154
4.11123 1.69988
11.0083 9.82138
4.27721 11.1196
5.50885 9.70238
6.68585 5.37929
0.794652 12.2321
5.86509 9.7492
11.4752 9.23626
11.7814 9.61693
3.69832 11.7711
7.28028 7.8679
6.20428 7.10143
1.0976 2.92396
8.95545 0.233814
4.17516 7.60154
9.90935 1.36877
2.70703 1.30778
11.5454 10.4146
5.35793 10.2053
1.62257 9.06212
3.62865 2.57006
2.37139 10.7872
6.67971 7.85555
7.19087 6.59925
10.7455 1.55697
4.73812 10.3444
1.37988 8.04412
0.207242 1.80867
6.63302 7.6594
9.38086 5.03198
0.696354 5.87477
7.28031 10.2538
1.92401 3.65094
6.74683 7.74902
7.18859 7.36758
1.54962 9.00658
8.31176 5.34866
7.52427 4.69159
3.76278 9.92312
10.2463 5.69773
12.2169 1.5752
10.5098 5.31556
10.1064 5.03415
11.5427 9.5705
2.03225 2.05019
5.7067 10.4981
9.60345 0.757544
1.39733 4.91872
1.34347 2.37074
4.79415 9.21885
7.05327 7.94117
9.96188 0.203913
4.84109 9.42466
2.72873 1.42222
0.295664 2.60781
0.459485 5.67108
1.04519 12.2598
4.4614 4.44941
0.365058 5.78155
9.6137 5.45155
0.756997 8.29371
0.0941503 6.93626
4.25812 3.77374
0.536471 6.50978
2.85285 0.93241
7.36208 4.91035
5.2179 12.1572
12.2279 10.1232
1.7399 8.54613
3.9483 2.56128
3.06294 7.8214
9.97303 5.92619
6.90992 1.52914
1.95091 8.0523
6.43459 12.3061
10.1419 4.9772
10.1638 7.0004
8.08904 10.1453
10.5973 0.290182
6.51783 11.8483
0.544473 2.0471
8.5602 9.30271
12.0451 2.31518
2.15426 1.97431
5.62816 9.68822
7.54294 1.99642
9.57801 5.02311
6.38607 7.17223
4.38717 10.5588
4.17496 7.92572
3.40797 8.44235
7.64137 10.5467
4.52905 7.78261
6.74087 7.41633
9.44973 4.60705
7.73363 10.7939
1.19327 5.93147
4.43265 8.04839
11.2254 9.80375
7.12349 11.2084
8.29144 7.41451
4.32302 7.13173
6.74577 4.60602
4.06967 1.63419
8.01949 1.64093
11.4873 9.41053
9.96245 5.46817
1.68013 9.1658
1.30361 2.3253
10.0104 7.94978
4.87616 9.65527
3.37712 9.02421
11.0372 0.00883117
4.1838 7.30773
10.9323 0.945425
2.17246 1.60152
9.13207 1.85982
6.40036 2.03777
4.79143 12.0545
4.22459 7.78924
8.02996 8.36942
9.66685 7.4696
8.23925 1.46485
4.45652 11.7371
4.98045 9.42137
3.72874 7.86985
3.29267 0.93267
3.7307 9.42997
3.52227 0.776763
4.73963 10.6194
0.86285 7.56077
9.64711 4.93425
6.34878 1.91548
6.25446 1.77216
0.934093 3.7963
1.31825 7.79951
0.787113 11.4006
4.96228 11.4068
7.55963 10.0361
0.882888 4.16134
1.17353 12.3103
2.82768 9.63324
8.84235 9.46604
4.76751 7.88637
0.563204 7.80254
3.24375 7.40768
9.97467 5.17901
2.55907 7.78474
2.5047 9.28424
7.41685 6.99971
5.74627 10.298
12.02 9.18224
0.542145 2.48891
7.15344 6.49215
10.4219 11.3267
7.08302 10.0693
9.5811 0.752582
7.39575 12.0824
8.90646 4.93571
1.20443 11.5726
0.553047 7.5115
7.03292 1.5685
8.1937 3.88873
11.1553 0.0883461
11.3994 0.330308
7.46711 7.2306
2.07382 3.19495
8.85463 8.95801
5.69202 11.3922
5.08174 8.36581
7.38319 11.4894
2.11255 9.10989
6.96507 8.0535
4.29656 9.43321
7.8525 4.23158
8.84697 7.78262
6.26542 1.95698
9.58182 5.29086
9.97913 4.756
9.24329 0.790925
3.02386 2.1088
8.90179 0.309673
2.49681 1.30892
3.94956 1.64566
8.85766 9.17949
7.77636 4.1245
5.10169 9.63171
9.9767 0.857978
0.0100865 11.842
2.58526 8.74751
10.1079 1.71796
1.48363 7.77726
0.291297 1.69951
0.539722 4.12183
0.302392 11.7883
9.09979 8.63612
8.73968 8.71491
2.03909 8.85835
9.82774 1.41572
8.34262 10.2538
7.23065 5.49977
6.53357 7.32908
10.9271 1.57832
4.67472 7.93233
12.0006 9.75282
10.273 0.49891
7.30564 12.1664
11.4696 0.22678
1.70089 7.94378
2.26532 9.33607
4.46522 8.24298
8.16725 4.33348
4.51353 7.76881
1.43506 10.0095
10.4492 4.83941
5.23851 11.4697
4.85323 7.54774
10.8807 0.136128
2.94949 0.719985
4.2438 1.80897
0.243596 11.5256
1.76183 8.15563
4.25253 1.78285
7.40656 1.27513
6.87747 5.69303
3.92186 8.65945
8.12914 4.50051
7.55768 10.1152
7.55207 6.47325
1.34235 8.25959
10.2838 6.74239
3.99627 2.36176
9.97734 5.10241
10.072 6.51541
0.212688 2.32882
0.0911659 9.26551
6.05666 10.2859
11.025 0.475718
6.99622 12.0963
7.49853 6.86136
1.66099 2.85057
10.3356 0.0195583
7.06472 5.4269
6.96136 1.57517
10.4553 7.6348
0.61046 8.1681
2.39089 1.48438
1.42986 6.99949
1.73765 3.62662
10.1176 5.35089
10.4865 6.43261
4.71274 7.43451
3.64007 4.53195
9.15211 4.99012
11.2121 0.584797
5.31953 9.73347
10.8677 4.86649
8.68324 3.79027
7.3128 7.38634
4.77703 9.66108
4.42626 7.11855
4.37516 8.36741
6.80345 6.45923
11.3238 0.683055
4.04934 7.61591
7.1137 10.538
6.96675 11.8825
10.3796 0.263889
4.22399 7.55179
5.94181 11.3959
1.52376 9.04514
4.90033 9.31801
11.5794 7.8152
8.68273 0.915536
1.38771 4.57584
4.29653 10.3783
0.00711787 3.82007
4.13508 8.32166
1.73595 2.19911
6.52484 2.1139
9.76614 4.5676
6.65637 6.53802
0.687079 2.61153
3.3365 1.26444
10.644 0.513127
0.467434 8.34317
9.61975 5.31631
10.4441 0.732
9.34895 0.343486
0.832147 3.71308
8.78595 4.0856
2.35637 9.52479
7.01019 11.9658
3.43079 0.622044
0.879371 11.5591
5.19957 8.92171
8.56776 8.30928
6.56222 11.6347
3.85695 7.14132
8.28654 10.9321
3.05758 7.4596
8.71033 1.56765
8.09081 10.1746
2.36981 8.42653
7.99416 11.2511
9.35034 0.210458
3.72036 7.89403
12.2824 9.97944
7.9148 5.05659
6.61978 4.80285
7.98008 9.89152
0.548752 11.3734
9.57122 7.16879
0.628739 2.55012
7.31069 10.5219
6.58225 1.99136
5.49576 10.9199
1.75701 10.0659
3.71297 1.00452
6.47397 1.43863
1.84716 10.0662
5.8312 12.0066
6.58742 10.7688
7.91264 10.2312
1.1105 4.82612
11.7731 10.1261
6.46858 11.8831
7.85272 6.85452
8.62152 8.38696
6.62853 10.6556
1.40798 12.4898
0.573391 11.7372
6.43507 7.22746
1.95615 8.92873
9.26831 5.56042
9.7008 0.00980691
8.18144 4.59043
8.76488 4.29781
8.6856 4.98576
11.7403 1.42283
10.517 5.29696
6.53384 10.5957
0.807275 8.15159
8.90729 0.144462
4.7866 10.8006
1.0575 6.57894
1.16766 12.1331
8.31645 9.47319
7.58375 8.13739
6.5172 6.74261
10.5677 7.58072
7.79094 9.99463
1.08923 5.27489
7.05703 6.16807
3.01771 1.99253
11.5657 9.71917
12.2602 1.98089
1.56588 5.64566
11.7917 9.31809
0.787393 5.55366
4.49143 8.8964
6.7916 7.55184
11.4563 10.3794
3.09883 2.37583
0.320374 5.12447
9.77948 0.605829
5.11273 10.5738
3.95729 8.93027
1.98599 3.02787
7.42074 4.71397
9.5375 4.42107
0.925227 6.9125
7.12701 10.3067
8.90157 4.21032
9.15981 5.11044
9.15574 7.72735
8.98876 0.231533
4.3807 9.36422
10.1312 0.443895
8.32117 9.5598
4.65305 8.7294
9.51571 0.44155
7.61193 8.05415
2.42212 2.93836
10.373 7.04194
0.621949 12.0019
7.42064 10.0126
0.657137 1.85863
6.83058 4.53334
6.71043 6.35411
0.615708 3.92193
2.72402 1.42294
7.41207 9.90088
6.89365 4.57532
0.0760283 5.87581
0.555494 4.9144
11.1298 9.67834
0.675561 4.91429
1.43123 5.46978
3.88622 1.54498
4.53687 11.7699
0.717293 8.9211
11.3494 10.1249
4.81425 10.3723
7.99268 10.8577
10.4711 5.8066
10.8909 0.0390911
0.760797 12.0854
9.60077 5.17158
2.32171 0.732946
10.5352 6.4874
2.99235 10.064
9.4783 5.50497
7.18835 5.53726
4.97926 5.80631
10.5486 6.42109
0.491664 7.48253
7.33177 4.22465
4.5853 7.66866
8.67513 5.10951
0.0211985 6.68961
6.3842 1.13493
6.10071 1.42697
5.66759 11.1057
11.4427 0.936298
4.72453 9.09658
1.36937 12.1296
1.56287 7.96034
6.4342 1.65676
4.13378 7.60078
9.76122 6.73987
4.53519 11.5538
10.7863 6.94571
6.2128 1.30174
7.41217 7.73594
8.76864 9.01549
11.1684 0.898753
1.81613 2.27773
1.14976 3.87834
2.31009 10.1101
2.37685 8.72199
1.28714 12.4768
7.45643 7.38901
1.20812 7.14505
8.68909 4.08263
6.87069 2.07786
9.61693 5.3074
12.4078 9.95539
11.0338 0.648217
1.03816 7.5189
6.78186 6.95306
3.96486 10.5071
10.8315 6.18131
7.3207 7.12785
3.71647 9.56182
7.85618 10.406
4.62104 8.06684
6.8194 5.31087
3.31096 10.1906
10.5929 6.3905
8.21832 9.55981
4.58545 9.24858
6.56698 11.3153
7.53478 4.35566
6.07179 6.7842
6.59484 6.86162
11.1625 9.7265
4.53509 8.59806
3.38009 7.8602
6.26233 10.7787
6.66075 1.6429
5.46948 9.86551
12.0111 9.43892
6.83267 1.76877
1.31694 4.45606
2.49647 8.53369
1.68848 4.33895
2.12219 9.83528
8.33006 9.98995
11.1556 1.84692
4.59661 7.76123
0.368572 12.2061
6.56473 6.77397
9.75382 5.73015
0.0501916 2.88358
0.894442 11.3343
11.7651 1.86363
11.6782 2.12009
10.2623 4.53801
7.89389 9.637
4.13567 7.79907
6.21975 10.8439
9.36931 4.10644
10.6975 0.143408
5.08262 9.8766
10.5004 0.535874
7.41128 7.17992
6.52108 1.8587
7.66231 5.79751
9.64885 5.74934
7.66972 11.7335
3.54328 2.01738
0.940362 7.70286
1.69478 8.25429
3.88137 9.2579
5.1519 11.2831
9.92521 6.91187
4.94119 9.76083
6.24255 6.53087
0.666428 5.34192
3.56367 9.12257
3.46153 10.4016
5.69542 11.7986
5.12602 7.84888
12.0486 0.922387
7.02058 5.94589
6.99501 1.9054
1.27444 2.42935
7.28042 12.4134
7.49231 1.76044
9.13566 0.0465826
4.57294 7.99473
4.31107 8.99701
3.06033 8.11056
1.9751 8.97038
7.0181 4.98687
8.82112 9.23974
10.369 4.81815
10.3887 6.33263
1.00553 8.76473
10.2362 5.24537
10.0158 4.70622
0.482946 6.80504
0.357421 5.87187
9.61911 7.89653
10.0251 6.43791
7.45716 5.40253
0.172721 5.42769
3.90192 9.7715
2.82176 3.18587
11.4128 0.42531
11.1532 9.54214
7.02626 1.20655
4.0347 9.25842
3.50115 1.07242
3.89135 7.48351
3.81997 1.20845
0.821281 11.6468
9.90754 1.65355
6.56193 5.77482
6.88301 12.2321
8.38198 1.42959
8.28401 3.80562
1.45115 11.6139
4.49324 8.91074
3.40177 2.65987
3.80825 10.7092
3.50925 1.61156
7.48375 1.8348
1.26069 7.77153
3.19423 1.22494
9.98121 0.517
8.52665 1.24887
2.51807 9.84192
3.98426 10.5521
1.41867 4.43187
1.37555 5.68648
12.4209 9.82791
10.0393 0.235712
5.81107 11.7025
6.61248 1.34797
11.1625 0.209347
9.49868 3.80716
11.7447 9.57729
7.17348 5.41935
8.79578 0.474573
3.82994 7.6227
10.5057 0.510591
9.47197 7.08097
10.9024 6.35616
0.529335 4.59219
6.44696 1.7779
10.0432 0.471251
0.623899 7.16796
0.14294 12.0622
9.81242 1.25699
7.77825 10.4343
9.40773 4.29487
0.227414 2.61786
2.15899 9.80309
1.88296 4.73732
10.1348 0.223469
0.048936 8.45096
3.51058 9.06628
8.38272 9.66208
2.25475 3.34058
5.27329 8.34887
10.6479 0.438109
0.413497 7.12086
0.664035 12.0545
0.875303 3.92048
3.56242 1.01948
6.0683 10.5087
3.73619 1.47957
4.68655 7.28994
3.20238 2.30078
6.90551 4.90187
4.43474 9.89297
2.97505 2.43281
3.11521 3.07864
7.7681 11.048
0.934041 11.5892
0.523622 7.75466
0.808906 3.27751
5.18266 9.64353
3.07321 1.83858
4.07764 1.57114
10.6021 1.81237
4.3603 10.5145
9.50078 0.0529432
8.33134 9.38507
11.1276 0.199085
0.235934 6.08193
1.02433 6.39282
3.2945 1.7653
4.02727 7.53929
3.21627 2.88852
7.75142 9.69059
10.5317 5.37784
10.1562 4.87153
5.78908 7.00969
2.85541 1.52938
3.70325 8.6346
9.25777 7.40342
1.22464 12.4138
4.36839 7.77316
4.59521 7.54064
0.744564 11.72
4.94949 7.71937
5.52222 12.4825
8.50925 10.4364
7.21804 6.40924
2.11073 1.70995
1.77961 5.05382
6.84393 1.36923
11.2807 1.51565
4.32141 10.3378
6.26301 1.52418
9.79198 0.0621976
4.84639 9.63027
7.03417 12.3088
9.94188 6.72935
8.32224 5.51
9.83739 4.46889
5.12718 12.2311
10.9703 9.53181
7.03468 5.11537
8.01324 7.39248
10.7386 0.387217
8.7334 4.05279
6.58822 10.1163
4.87208 8.70363
8.26511 3.90632
0.845528 6.91177
0.278904 12.4924
10.7286 0.264661
2.94333 2.31466
4.41551 7.60194
4.87277 7.92444
2.90765 7.78773
9.42494 1.59607
2.60166 7.66694
0.230384 4.65821
6.87079 6.48441
12.3467 9.06027
9.74489 4.05622
5.07398 10.1956
9.61271 1.36886
4.21624 10.6885
0.486576 4.12025
4.99361 11.0419
4.75805 8.54348
4.54158 9.53261
2.51553 1.40587
9.46561 8.33072
6.85649 10.5834
9.57886 4.30636
4.21692 7.25866
7.52086 8.25269
10.9706 0.571343
3.28911 2.58676
9.58005 7.58487
3.84249 0.970018
1.74698 7.90831
9.31757 0.626003
7.27607 6.86103
2.1391 9.28652
4.07242 10.5395
0.451295 5.54537
1.3082 4.12838
5.67319 12.0597
0.0602626 5.27662
10.4237 4.84163
0.519014 2.28109
2.19151 9.26686
7.09719 11.2441
3.77347 1.69748
8.46845 10.6973
1.37141 3.9093
8.33128 1.61316
4.172 10.0207
1.60125 8.65699
3.67977 10.0456
8.58356 9.33515
8.90136 4.02815
1.08002 3.86488
6.37821 6.86874
0.682743 1.66174
3.89339 9.94296
10.0659 6.81259
3.31063 1.31249
0.402403 6.59721
1.96234 1.85094
7.32753 4.91781
8.58597 0.0519981
6.86792 1.99029
9.99379 5.20433
7.15843 1.37834
10.5914 1.21345
8.70037 4.28167
11.2491 10.2777
2.20992 8.4416
1.36834 2.47033
1.77442 5.00804
9.64743 0.804697
0.922644 8.4178
9.91126 4.37735
2.77743 2.62209
1.13147 9.23919
0.476193 4.52282
5.70603 11.7616
7.01692 1.49661
6.89478 1.13111
11.2852 9.83501
10.4066 6.27666
6.7666 1.16512
9.61039 7.22666
6.77146 10.7015
1.25059 6.05063
3.45095 9.13812
2.3331 9.95589
3.82975 9.80485
6.49907 6.07727
7.1939 10.1034
4.81469 7.34287
0.559715 3.5126
4.92978 10.6053
7.97979 7.50444
8.95266 0.0774534
7.47089 1.30595
3.8608 7.37554
7.29654 12.0358
7.37492 7.50964
12.3209 9.27279
3.93138 7.37677
8.43178 4.8292
3.32903 1.37359
10.2304 1.12646
11.1737 10.042
7.68387 7.60875
8.09925 7.71522
10.3761 7.30895
7.62553 4.96629
0.437627 7.85592
2.6788 2.35826
8.20562 7.31175
3.98954 1.16943
6.88963 11.2321
0.0871682 2.16072
2.36187 8.14379
7.48802 11.8022
11.3798 0.797025
1.04999 2.60106
11.4334 0.785968
1.15328 2.12506
2.09707 9.95833
11.2419 9.39921
1.70814 5.0697
6.50069 1.91565
10.1363 0.18656
10.6762 5.70154
10.3893 6.67924
0.558267 5.09203
5.72803 11.8906
6.41317 5.7003
10.7128 5.85293
4.23455 7.61979
3.45302 10.3554
0.503762 2.92991
9.79779 1.77654
8.64043 0.632234
4.07958 8.88856
8.00516 7.46405
6.30917 7.44754
0.068036 11.9427
3.87551 12.4432
3.84054 8.01634
7.03833 10.2389
10.1997 0.0727495
8.46114 3.84961
10.8165 5.14731
6.91456 10.3739
11.5371 2.17205
9.47997 4.04476
6.55691 7.65809
0.220845 11.8554
1.39783 4.84434
10.2639 0.497539
7.35084 1.28559
3.63306 10.1748
0.632753 6.06934
2.01115 7.63164
7.35041 4.39478
1.03369 1.71956
7.18381 8.06369
7.69011 1.8894
5.21908 9.22047
0.773775 6.98168
9.03292 7.62703
6.59938 11.6492
10.5483 4.49194
5.25478 11.1172
6.68631 6.39615
1.03348 12.0448
12.1375 9.18361
2.48681 1.50901
4.25114 9.20873
8.12466 4.7997
6.91167 7.98475
0.897726 11.8939
0.533264 4.15894
1.9131 8.38101
1.28684 9.68675
11.0627 9.71727
8.0156 7.15179
0.272995 8.0207
5.23045 8.21059
7.54189 10.1602
2.14351 2.86565
8.75044 4.6884
11.2924 9.30771
2.86661 2.57595
5.90318 12.3441
11.7864 9.64117
7.13055 5.09637
4.31781 7.77226
0.858798 2.21415
8.55235 8.11733
6.81516 9.99904
2.21556 9.5776
6.87825 11.545
0.309801 11.6338
6.66944 6.18925
6.29211 6.74621
0.708097 1.45811
11.6225 9.32111
4.87338 9.16359
11.2536 0.306729
11.0965 0.38473
10.6473 0.588241
7.56239 6.92311
7.64287 10.1879
3.01275 2.39333
6.78885 7.5568
10.4568 7.55853
11.2849 10.1837
12.2633 8.94338
3.98535 2.19261
0.0509417 2.575
9.10197 1.40204
6.39714 0.964273
4.90371 9.87051
3.40314 9.19364
3.48513 0.852166
8.01777 4.95524
11.3641 2.09785
6.2485 1.82674
7.81338 5.99255
5.94964 10.2008
8.28039 7.90385
8.81179 0.0870904
8.96608 4.8924
3.30346 0.805104
5.30364 8.55115
12.0107 10.0193
9.01168 0.405712
1.42066 5.82245
9.74951 4.5794
8.62739 10.0563
1.31914 4.24192
6.30549 1.15476
3.77777 2.57541
9.05243 4.67694
5.03198 8.62172
0.262179 8.85392
8.1009 9.8236
1.90051 8.97247
2.07875 8.95143
1.61359 4.523
3.50417 2.86374
11.2378 0.464866
11.375 1.95745
0.802548 5.0109
11.1199 9.33812
0.134358 12.1277
7.99489 5.42992
1.55114 7.89339
10.2779 7.11183
0.0191383 4.25003
1.33281 5.12326
1.26367 8.91435
1.79409 7.74782
6.16456 7.12684
1.71757 9.94818
8.18007 4.95724
0.710376 4.57881
7.15715 1.06097
10.3823 0.806344
7.21438 7.61278
4.01317 1.73921
7.45755 4.69639
4.58195 12.3561
6.08715 9.94828
1.2425 7.47535
10.0265 4.59309
4.95651 12.2443
6.88131 6.05856
0.566434 1.60011
7.54307 1.16635
3.97487 9.19769
1.11113 8.08509
1.72471 7.60855
2.09508 9.82286
6.94594 12.0273
7.15282 5.05816
5.3477 8.90543
10.6059 4.7602
10.4414 7.01571
9.13778 0.888436
1.19878 1.73665
9.61853 1.359
7.76113 10.2498
11.2275 1.82658
1.26757 4.763
7.34936 1.61273
9.22297 4.85247
9.81805 0.244282
8.97248 4.60255
1.23157 12.005
6.62639 6.42058
10.5118 5.3874
7.40896 11.7574
11.5135 0.188139
6.65709 5.36869
7.28121 10.7121
1.59328 7.66881
10.5561 6.87933
9.95543 7.79833
9.68295 4.55588
6.50748 10.4711
7.05945 1.43408
3.8284 7.41265
1.02709 7.53746
8.89136 5.49
8.01813 4.94692
10.9354 0.198491
7.63154 4.8486
6.76152 6.70767
3.32969 1.21108
3.93852 1.20699
1.54059 9.83467
10.9805 9.68311
0.757922 2.41643
8.01541 1.44471
7.20561 10.8327
6.60197 4.99713
1.87867 4.17332
11.6121 9.54465
8.23752 9.92085
7.44242 12.3118
1.92162 8.23637
9.41542 5.54119
0.87227 3.92457
10.4749 0.299742
4.41353 7.10648
7.14449 5.97464
8.50779 10.4888
7.80881 1.97195
11.3767 9.40261
1.0606 7.42676
4.49021 9.11718
7.49559 12.0588
9.00982 4.54621
4.96311 8.89862
1.3324 2.04155
1.00402 1.89898
6.32976 10.6782
1.51826 7.53846
10.7387 0.00748478
7.50996 6.8147
7.78085 6.24331
1.42007 6.92417
1.68733 8.42932
7.15383 5.67734
10.3086 5.44596
4.81938 9.33062
0.842677 5.88364
2.42854 2.21969
8.92813 8.09628
1.24093 12.4936
5.57544 12.4009
4.65771 8.77446
7.55636 7.84417
0.134442 7.69932
1.22614 11.8768
9.84726 6.21836
8.45719 1.41636
1.78696 4.58682
3.52329 10.1966
2.16013 9.46524
10.059 4.9244
1.25479 9.09969
1.3221 5.78154
11.2911 1.08343
0.735413 8.10421
2.02761 1.75426
8.72621 9.56909
2.99354 1.35277
9.32209 5.13572
6.845 7.77003
10.8382 6.57802
0.94508 11.2408
8.7818 0.16483
2.35376 2.54498
3.08624 7.56054
2.50008 8.52578
4.0894 7.73555
4.23738 8.04297
1.32061 1.62737
6.3263 7.58622
6.62442 11.5623
9.3864 5.5934
1.42478 2.00677
0.909354 6.50901
7.13757 7.39764
5.00674 11.6953
4.69312 11.9454
1.10672 1.85907
7.59224 9.63498
7.50462 11.1077
1.50844 2.64206
9.06635 0.172093
0.211737 3.66005
10.6488 5.65944
8.83361 0.710728
3.90802 1.6337
7.53193 5.70385
8.04431 4.19049
1.07862 9.10719
6.89054 4.38592
1.28397 6.9992
1.59338 5.15282
4.47941 8.65786
0.700441 3.01652
7.68155 4.99552
8.1115 1.46983
2.88148 2.80141
6.45186 1.83527
1.09017 7.77272
2.89248 2.11039
3.80872 1.38912
9.05111 4.9384
11.3486 0.271497
6.76644 11.4367
6.46701 7.11173
9.12718 7.98613
1.45713 4.27334
9.6456 1.69001
1.6957 7.45901
5.0062 11.6511
3.80816 10.446
12.2545 9.70294
10.9854 0.0787814
7.23653 7.02775
0.0550963 5.69544
0.103263 7.3698
3.99345 2.14656
8.1648 9.53613
11.7871 9.20928
6.90639 7.35477
10.9518 0.613627
7.69391 6.13904
11.5263 9.31704
7.04452 6.72873
9.22065 0.109194
0.836142 5.85285
9.06889 4.72279
4.85849 10.6985
7.15789 10.2474
4.38177 8.74712
0.878745 6.57816
0.613984 6.7814
7.03309 1.01767
10.9793 1.52341
2.0674 9.86537
10.4323 5.94756
8.10814 5.35002
1.89812 2.40392
5.1883 10.3165
8.17744 9.25857
6.77555 7.55198
5.05874 11.2011
0.702811 7.86589
4.16092 9.30398
4.02289 10.3756
0.330415 2.98658
8.54534 9.52328
0.906325 5.79984
0.905942 3.07125
11.2497 0.156053
11.1416 1.19792
0.709359 1.82537
0.397942 8.71502
7.08358 12.0493
9.42144 8.37364
6.99277 6.74631
6.47077 5.80212
10.8409 0.1722
7.419 1.76356
6.67465 6.95181
3.7067 1.43212
4.77156 3.85407
10.7488 5.55897
7.29227 11.4283
10.8562 6.42062
1.248 3.15845
3.42763 8.55478
10.7837 0.565349
11.5683 9.57339
4.92888 8.57156
4.25971 8.5966
4.4986 9.12719
6.0275 11.4412
7.83822 4.48818
10.0155 0.284465
7.25181 5.10029
7.1726 6.84942
9.59662 1.44294
3.42259 8.52494
9.30196 0.957063
3.0011 9.65375
2.65176 8.80998
4.45719 11.1847
0.396408 9.44415
0.145131 12.1038
7.18759 4.79143
10.5397 5.64348
4.1267 0.322089
10.1575 0.763537
1.27201 11.2194
10.2936 0.954736
2.56231 7.64798
2.72243 2.38437
8.74363 4.38864
2.43458 1.87561
3.55108 2.92283
9.99813 7.70413
1.92942 3.60265
7.58702 6.31858
11.0767 9.88359
8.90162 1.40551
2.17582 2.10238
10.4137 7.38233
0.344135 2.4129
9.74937 4.49979
7.47244 6.84963
8.73852 4.6986
4.41559 12.0088
9.74684 0.156553
1.25044 6.39995
7.89386 9.88969
10.7656 7.10852
4.76229 9.54728
8.84437 4.55166
1.52505 5.50157
10.5857 5.55153
4.13311 8.92393
8.98313 0.782667
11.1793 0.702474
9.93753 0.0819675
6.00388 11.0106
10.4922 0.26971
0.613653 5.00832
10.3614 4.82729
6.94236 12.4512
6.48203 10.8372
1.55366 3.86742
8.64901 4.38617
11.1483 1.13189
10.6532 1.30957
0.344301 12.3203
9.8977 7.69722
0.145253 7.27977
1.20092 2.53007
7.17089 11.7362
3.1126 1.55183
0.379372 11.6209
3.69096 9.27509
0.574089 5.21105
10.7726 0.332503
6.25217 1.20119
8.06308 10.6369
10.5803 6.91657
10.1962 5.46193
0.33326 6.12021
10.9461 5.64284
10.078 1.00878
4.68821 11.5386
7.46163 11.1324
2.18443 9.79893
5.08004 8.8407
1.37676 7.91141
7.36084 1.24516
4.36262 7.37303
0.425003 2.13624
9.78042 4.62025
10.2538 1.29261
3.64871 7.80447
0.957776 3.36814
11.0178 9.85476
10.287 5.44394
9.61636 0.27467
0.179941 6.39753
9.64981 1.41211
8.20516 9.68594
7.26489 1.59248
1.88972 3.53837
3.44537 1.67408
6.85761 7.26871
0.396607 4.55847
7.47344 4.29386
7.07 12.3907
9.57919 0.555497
9.09233 4.30807
10.9317 10.138
10.0048 5.07261
10.575 7.50794
9.7526 0.528154
5.00787 11.5388
1.25362 4.72884
10.3199 6.92063
8.80889 9.98893
6.63948 1.58449
6.90635 4.09078
6.87779 5.47846
9.37163 1.54942
6.96852 9.89354
9.75539 6.82326
6.81928 7.34313
8.33644 5.38243
8.05787 4.39225
4.23457 1.45732
3.57201 2.26095
10.2379 0.950518
2.08861 9.52828
9.90648 0.769217
6.67067 7.04966
7.87742 4.11864
6.1368 11.0461
0.786161 6.09153
9.31137 8.18014
6.87163 6.58021
0.817729 11.945
10.0206 4.88764
0.880107 2.21927
1.67472 8.54539
9.17146 8.20871
5.65794 11.9694
8.58218 9.15767
7.5636 9.8547
7.5571 4.52577
3.92337 8.18303
8.96786 7.63348
0.418531 3.57331
0.0255645 11.2922
0.269008 2.10505
8.81811 8.09588
4.80317 10.3463
10.1003 1.54978
9.82276 5.28922
1.42283 2.68242
2.86822 3.15383
1.41193 2.12434
0.370925 4.03701
9.08578 8.1264
3.38711 8.0984
10.4344 5.98168
9.764 4.81329
1.01814 11.9046
1.55546 5.37323
9.98443 0.90427
5.42736 12.3829
7.68708 10.9779
7.3943 10.1193
0.302753 11.8819
3.30147 2.71069
10.1613 0.326267
11.7177 1.99249
7.44152 7.76037
3.51143 7.8335
9.7999 7.08191
6.73059 1.09321
10.2542 4.83497
9.57094 0.507021
1.86933 2.90183
7.46541 10.6813
11.5179 9.86045
8.19002 4.69116
6.89389 6.65828
3.31613 8.31052
2.73222 7.95611
1.13644 4.07213
3.89768 7.28561
10.5715 6.56503
2.58158 8.92679
4.64523 8.97426
1.02375 1.80425
9.47901 4.78438
9.34025 0.488697
9.88045 7.6675
8.07797 9.25839
4.40011 10.8154
